file;generator;question;answer;score_entailment;score_neutral;score_contradiction;score_final
Brain Power -101-111;gpt;Aku merasa sulit untuk percaya pada orang lain setelah dikhianati. Apa itu wajar?;Aku bisa merasakan betapa beratnya perasaanmu setelah dikhianati. Tidak mudah untuk kembali percaya pada orang lain. Tubuh kita sebenarnya punya hormon bernama oksitosin yang mendukung rasa percaya dan empati, tapi memang luka batin butuh waktu untuk pulih. Jangan dipaksa merasa baik-baik saja. Kamu bisa mulai dengan langkah kecil, seperti membangun kepercayaan lewat hal-hal sederhana dengan orang yang benar-benar mendukungmu.;0.8484;0.2177;0.5613;0.2871
Brain Power -101-111;gpt;Aku sering merasa kalau aku terlalu berlebihan dalam banyak hal, entah makan manis, kopi, atau main medsos. Aku bingung bagaimana cara menyeimbangkannya.;Itu hal yang banyak orang rasakan. Kita memang cenderung ingin lebih dari sesuatu yang membuat kita merasa enak. Tapi, kalau terlalu banyak justru bisa bikin lelah dan kehilangan fokus. Mungkin kamu bisa coba pendekatan moderasi: tidak harus berhenti total, tapi mulai mengenali batas yang sehat buatmu. Misalnya, kalau kopi bikin segar satu cangkir, cukupkan di situ. Kalau medsos bikin kepikiran, coba atur waktunya. Yang penting bukan menyiksa diri, tapi menemukan keseimbangan yang nyaman.;0.8166;0.1727;0.3282;0.4885
Brain Power -101-111;gpt;Aku merasa hidupku monoton, rasanya kosong. Aku nggak tahu harus mulai dari mana untuk bikin hari-hariku lebih bermakna.;Aku paham, perasaan monoton bisa bikin hidup terasa hambar. Kadang yang kamu butuhkan adalah kegiatan yang benar-benar bisa menyalakan kembali semangatmu. Punya hobi bisa sangat membantu, entah melukis, main musik, atau sekadar main puzzle. Hobi bukan sekadar mengisi waktu, tapi juga bisa melatih otak, menghadirkan rasa puas, dan memberi warna dalam keseharianmu.;0.7349;0.3149;0.7525;-0.0176
Brain Power -101-111;gpt;Aku sering merasa sedih tiba-tiba, tapi sulit mengalihkan pikiran. Ada cara sederhana buat memperbaikinya?;Perasaan sedih yang datang tiba-tiba itu nyata dan valid. Kadang otak kita butuh sesuatu yang ringan tapi menstimulasi. Game trivia bisa jadi pilihan. Saat kamu berusaha mengingat jawaban, otakmu bekerja dan ada rasa puas ketika berhasil menjawab. Itu bisa memicu dopamin, zat kimia yang bikin mood sedikit terangkat. Kamu tidak harus jadi ahli, cukup main santai, bahkan sendirian pun bisa bermanfaat.;0.8937;0.2342;0.4688;0.4248
Brain Power -101-111;gpt;Akhir-akhir ini aku gampang stres. Rasanya nggak tenang, bahkan di rumah.;Itu melelahkan, ya. Salah satu cara yang bisa membantu adalah meluangkan waktu dengan hewan peliharaan, kalau kamu punya. Sekadar mengelus kucing, bermain dengan anjing, atau bahkan melihat ikan di akuarium bisa menenangkan otak. Kalau tidak punya, kadang menonton video hewan juga bisa sedikit meredakan tegang. Intinya, beri ruang kecil untuk tubuhmu merasa rileks tanpa tuntutan.;0.7132;0.2828;0.4439;0.2693
Brain Power -101-111;gpt;Aku ingin olahraga, tapi tubuhku gampang capek dan aku nggak bisa ikut olahraga berat.;Aku mengerti. Tidak semua olahraga harus keras dan melelahkan. Ada latihan bernama tai chi, gerakannya pelan dan mengalir, tapi tetap menyehatkan. Penelitian menunjukkan tai chi bisa bantu meredakan stres, kecemasan, bahkan memperbaiki daya ingat. Kalau olahraga berat bikin kamu kewalahan, coba mulai dari gerakan lembut seperti ini. Yang penting bukan seberapa kuat, tapi seberapa konsisten kamu melakukannya.;0.8733;0.1862;0.61;0.2633
Brain Power -101-111;gpt;Aku merasa otakku makin lambat, gampang lupa, dan sulit fokus. Apa itu berarti aku mulai sakit?;Tidak selalu berarti ada penyakit serius. Kadang otak kita hanya kurang dilatih. Sama seperti otot, otak juga butuh latihan rutin. Coba tantang dirimu dengan hal-hal baru: membaca buku yang agak rumit, menyelesaikan puzzle, atau belajar keterampilan baru. Bukan untuk jadi sempurna, tapi supaya otak tetap terstimulasi. Kalau gejalanya semakin berat, tetap baik untuk diskusi dengan tenaga medis ya.;0.7892;0.2701;0.2895;0.4997
Brain Power -101-111;gpt;Aku sering sakit kepala migrain. Rasanya mengganggu banget sampai aku takut itu merusak otak.;Aku bisa bayangkan betapa beratnya hidup dengan migrain. Memang, migrain bisa berdampak pada struktur otak kalau dibiarkan. Penting sekali untuk bicara dengan dokter soal penanganannya dan mencoba mengenali pemicu seperti stres atau alergi. Ada beberapa suplemen yang bisa membantu, tapi tetap harus dengan arahan medis. Jangan anggap remeh migrainmu, tubuhmu sedang bilang ada yang perlu diperhatikan.;0.9215;0.1557;0.4409;0.4806
Brain Power -101-111;gpt;Aku merasa gampang cemas tentang kesehatan. Apa aku harus konsumsi suplemen biar lebih tenang?;Kecemasan soal kesehatan itu wajar, tapi kadang bikin kita makin tegang. Salah satu nutrisi yang baik untuk otak adalah selenium, karena bisa membantu melindungi dari kerusakan. Tapi, terlalu banyak juga bisa berbahaya. Jadi, yang terbaik adalah menjaga pola makan seimbang: sayuran, biji-bijian, dan makanan sehat lainnya. Kalau ingin pakai suplemen, sebaiknya konsultasikan dulu dengan tenaga medis agar aman buat tubuhmu.;0.7604;0.2797;0.7142;0.0462
Brain Power -101-111;gpt;Aku sering merasa kosong dan nggak punya semangat. Apa ada aktivitas ringan yang bisa bikin aku lebih hidup?;Rasa kosong itu berat, ya. Kadang kita butuh aktivitas yang sederhana tapi bikin otak aktif sekaligus menyenangkan. Coba bermain ping pong, misalnya. Olahraga ini melatih tubuh, melatih otak, sekaligus seru. Atau kalau kamu lebih suka tenang, membaca novel juga bisa sangat membantu. Membaca memberi otak pengalaman baru, membuka perspektif, dan bisa jadi penghiburan yang dalam. Yang penting, temukan kegiatan yang bisa bikin kamu merasa 'hadir' kembali dalam hidupmu.;0.8587;0.1524;0.5848;0.2739
Brain Power -112-122;gpt;Aku sering merasa komunikasiku membosankan karena banyak pakai kata-kata klise. Apa itu normal?;Tidak ada yang salah jika kamu merasa begitu. Banyak orang secara otomatis menggunakan kata klise karena sudah terbiasa. Tapi kalau kamu ingin komunikasi lebih hidup, coba eksplorasi cara baru menyampaikan perasaanmu. Bisa dengan metafora unik atau cerita yang benar-benar menggambarkan pengalamanmu. Dengan begitu, orang yang mendengar pun akan merasa lebih terhubung.;0.9051;0.1223;0.2764;0.6287
Brain Power -112-122;gpt;Aku suka menulis tentang hidupku, kadang sampai menulis hal-hal emosional. Apakah itu aneh?;Itu sama sekali tidak aneh. Justru menulis tentang pengalaman pribadi bisa membantu kamu lebih memahami diri sendiri. Bahkan bisa melegakan perasaan, apalagi kalau kamu menulis tentang hal-hal yang sulit. Proses itu membantu pikiranmu jadi lebih ringan, sekaligus melatih otak untuk mengingat dan mengolah pengalaman dengan cara yang lebih sehat.;0.8554;0.2106;0.4283;0.4271
Brain Power -112-122;gpt;Kenapa aku suka tidur siang, padahal orang lain bilang itu kebiasaan malas?;Tidur siang bukan tanda malas. Sebaliknya, tidur siang singkat bisa membantu otakmu menyimpan memori lebih baik dan membuatmu lebih segar. Kalau dilakukan dengan tepat, tidur siang justru bisa mendukung kemampuan belajar dan fokusmu. Jadi tidak perlu merasa bersalah hanya karena butuh istirahat sebentar.;0.7786;0.3329;0.3569;0.4217
Brain Power -112-122;gpt;Aku suka minum cokelat hangat saat lagi capek. Apakah itu ada manfaatnya atau cuma sugesti?;Bukan sekadar sugesti, cokelat hangat memang bisa bermanfaat untuk otak. Kandungan tertentu di dalamnya dapat membantu aliran darah ke otak, yang mendukung daya ingat dan fokus. Jadi, menikmati secangkir cokelat hangat tidak hanya menenangkan, tapi juga bisa mendukung kesehatan mentalmu.;0.926;0.3786;0.3163;0.6097
Brain Power -112-122;gpt;Aku gampang banget khawatir, kadang sampai susah tidur. Apakah itu tanda ada masalah serius?;Kekhawatiran memang wajar, tapi kalau sampai mengganggu tidur dan aktivitas, itu tanda tubuhmu sedang memberi sinyal. Terlalu banyak khawatir bisa membuat otak terasa penuh dan capek. Cobalah melatih pikiranmu untuk lebih fokus pada hal-hal yang bisa kamu kendalikan. Kalau rasa khawatir terlalu berat, mencari bantuan profesional juga langkah yang bijak.;0.8945;0.3224;0.3503;0.5442
Brain Power -112-122;gpt;Aku sering nonton acara TV untuk hiburan, tapi kadang jadi merasa kosong. Kenapa ya?;Itu bisa terjadi karena otakmu kurang mendapat rangsangan yang bermakna dari tontonan tersebut. Beberapa acara TV memang hanya mengisi waktu tanpa memberi nutrisi untuk pikiran. Kalau kamu pilih tontonan yang lebih mendidik atau membuka wawasan, mungkin setelahnya kamu akan merasa lebih bersemangat dan tidak hampa.;0.8844;0.2568;0.3424;0.542
Brain Power -112-122;gpt;Kadang aku merasa terlalu bergantung pada orang lain untuk ambil keputusan. Apakah itu salah?;Tidak sepenuhnya salah untuk meminta pendapat, tapi penting juga melatih dirimu mengambil keputusan sendiri. Kamu punya kendali atas hidupmu, mulai dari pola makan, gaya hidup, hingga cara mengatur emosi. Belajar bertanggung jawab atas pilihan akan membuatmu lebih percaya diri dan kuat menghadapi tantangan.;0.9375;0.2605;0.2759;0.6616
Brain Power -112-122;gpt;Aku sering merasa telingaku capek kalau di tempat bising, bahkan sampai pusing. Apa itu berbahaya?;Ya, paparan kebisingan berlebihan bisa membuat otak dan pendengaranmu lelah. Kalau sering dibiarkan, bisa berdampak buruk jangka panjang, termasuk menurunnya fungsi kognitif. Coba lindungi telingamu di lingkungan bising, atau beri waktu istirahat dalam keheningan agar otakmu bisa pulih.;0.8454;0.2234;0.5998;0.2457
Brain Power -112-122;gpt;Apakah menutup mata bisa bikin otak lebih segar?;Betul, menutup mata sejenak bisa memberi kesempatan indra lain bekerja lebih optimal. Itu bisa meningkatkan fokus, memori, bahkan kreativitas. Jadi kalau merasa lelah, coba luangkan waktu duduk tenang dengan mata terpejam. Itu sederhana, tapi bisa menenangkan pikiranmu.;0.9244;0.3309;0.2365;0.6879
Brain Power -112-122;gpt;Aku sering merasa otakku terpisah dari tubuhku, padahal rasanya aku butuh keseimbangan. Bagaimana caranya?;Itu wajar dirasakan, terutama kalau kamu terlalu fokus hanya pada pikiran. Ingat bahwa otakmu terhubung erat dengan seluruh tubuhmu. Menjaga kesehatan fisik, emosi, dan pikiran secara seimbang akan membuatmu lebih stabil. Cobalah lihat dirimu sebagai satu kesatuan, bukan bagian yang terpisah-pisah.;0.9516;0.1823;0.3218;0.6298
Brain Power -123-133;gpt;Saya sering merasa pengap dan sulit fokus di rumah. Apakah membuka jendela benar-benar bisa membantu?;Iya — membuka jendela dan memastikan ventilasi yang baik dapat membantu. Udara segar menghilangkan polutan dalam ruangan dan dapat mengurangi gejala seperti pusing, lelah, dan susah konsentrasi. Jika tidak selalu memungkinkan, coba luangkan waktu istirahat di luar untuk menghirup udara segar beberapa kali dalam sehari.;0.9659;0.2755;0.3666;0.5994
Brain Power -123-133;gpt;Kalau di kantor nggak bisa buka jendela, apa yang bisa saya lakukan saat merasa kepala berat dan kurang fokus?;Kalau jendela tidak bisa dibuka, coba ambil istirahat singkat beberapa kali sehari untuk keluar sejenak — berjalan santai atau berdiri di luar gedung selama 5–10 menit sudah membantu. Selain itu, jika memungkinkan, gunakan kipas atau ventilasi mekanis agar udara di ruangan berganti.;0.946;0.5517;0.3777;0.5683
Brain Power -123-133;gpt;Saya merasa kesepian tapi takut bertemu orang baru. Bagaimana kalau saya mulai memperluas lingkaran sosial?;Mulailah perlahan dengan aktivitas kecil yang terasa nyaman: telepon singkat pada keluarga, ikut kelompok minat yang sesuai, atau hadir pada pertemuan rutin. Manfaat terbesar biasanya datang dari hubungan yang bermakna — jadi fokus pada kualitas pertemanan, bukan hanya jumlahnya.;0.9058;0.3596;0.1933;0.7125
Brain Power -123-133;gpt;Apakah interaksi dengan orang yang berbeda pandangan juga membantu kesehatan mental?;Ya — berinteraksi dengan berbagai tipe orang bisa merangsang otak dan membantu fleksibilitas berpikir. Ini tak berarti Anda harus menerima perilaku yang menyakitkan, tetapi membuka diri pada keragaman sosial seringkali memperkaya perspektif dan meningkatkan kesejahteraan.;0.8906;0.2232;0.3446;0.546
Brain Power -123-133;gpt;Saya punya lingkaran yang kecil tapi dekat. Perlukah saya memaksakan diri untuk lebih beragam?;Tidak perlu memaksakan diri. Jika saat ini lingkaran kecil itu memberi dukungan kuat, itu sudah sangat berharga. Namun, secara bertahap mencari variasi — misalnya ikut kegiatan baru atau komunitas — bisa menambah manfaat tanpa harus mengganti orang-orang yang sudah ada dalam hidup Anda.;0.6195;0.2544;0.6584;-0.039
Brain Power -123-133;gpt;Saya gampang terdistraksi dan susah menyelesaikan tugas. Ada cara praktis untuk melatih fokus?;Cobalah latihan fokus sederhana: atur jangka waktu kerja singkat (misalnya 25 menit), lalu istirahat singkat. Latihan rutin seperti itu membantu ketiga jenis fokus: selektif, terbagi, dan terfokus. Konsistensi kecil lebih berguna daripada usaha besar sekali-sekali.;0.7298;0.3779;0.3965;0.3333
Brain Power -123-133;gpt;Saya sering merasa kewalahan saat multitasking. Apa itu tanda masalah fokus?;Multitasking membuat otak 'beralih tugas' yang melelahkan. Jika Anda sering kelelahan atau membuat kesalahan saat mengerjakan banyak hal sekaligus, itu tanda bahwa memberi prioritas satu tugas pada satu waktu akan lebih efektif dan mengurangi beban mental.;0.8249;0.5484;0.1822;0.6427
Brain Power -123-133;gpt;Kalau saya butuh fokus panjang, apa yang harus saya persiapkan agar lebih efektif?;Kurangi gangguan: matikan notifikasi, siapkan segala yang diperlukan sebelum mulai, dan tentukan durasi fokus. Bisa juga pisahkan tugas besar menjadi langkah kecil sehingga perhatian terjaga dan kemajuan terasa nyata.;0.7519;0.5056;0.3426;0.4093
Brain Power -123-133;gpt;Saya ingin mencoba aromaterapi untuk mengurangi stres. Aman nggak sebenernya?;Aromaterapi aman untuk penggunaan jangka pendek pada orang dewasa jika dipakai dengan hati-hati: jangan ditelan, jangan mengenai mata, dan jangan digunakan langsung pada kulit tanpa pengencer. Hindari pada anak kecil, kehamilan, alergi, atau jika sedang menjalani perawatan medis tanpa konsultasi dulu.;0.9762;0.4152;0.3397;0.6364
Brain Power -123-133;gpt;Saya sering merasa cemas dan ingin mengandalkan minyak esensial saja. Cukup kah itu?;Aromaterapi bisa membantu gejala ringan sebagai pelengkap, tetapi tidak menggantikan penanganan profesional bila kecemasan Anda berat atau terus mengganggu fungsi hidup. Jika gejala parah atau berkepanjangan, penting mencari bantuan dari tenaga kesehatan mental.;0.8998;0.2442;0.3128;0.587
Brain Power -123-133;gpt;Saya ragu, tapi apakah flirting ringan bisa membantu suasana hati saya?;"Flirting ringan yang aman dapat merangsang sistem reward otak—membuat Anda merasa lebih bersemangat dan senang. Pastikan itu dilakukan dengan rasa hormat dan tanpa memaksa; jika tidak mendapat respons, jangan mengambilnya secara pribadi.";0.8783;0.2947;0.253;0.6253
Brain Power -123-133;gpt;Saya khawatir flirting malah memperumit hubungan. Bagaimana membedakan flirting sehat dan tidak sehat?;Flirting sehat terasa ringan, saling menghormati, dan tidak membuat pihak lain tidak nyaman. Jika flirting menimbulkan tekanan, rasa bersalah, atau melanggar batasan orang lain, itu tidak sehat. Selalu perhatikan tanda terima kasih dan persetujuan dari orang lain.;0.9128;0.2174;0.1759;0.7369
Brain Power -123-133;gpt;Kalau gagal dan saya merasa malu, apa yang sebaiknya saya lakukan?;Merasa malu itu manusiawi. Ingatkan diri bahwa mencoba adalah bagian dari belajar — satu momen tidak menentukan siapa Anda. Ambil napas, lakukan hal yang menenangkan, dan bila perlu bicarakan perasaan itu dengan teman dekat atau orang yang Anda percaya.;0.8117;0.2704;0.3347;0.4771
Brain Power -123-133;gpt;Saya minum suplemen vitamin D. Apa ada risiko kelebihan?;Vitamin D berlebihan bisa berbahaya dan biasanya berasal dari suplemen, bukan dari sinar matahari. Batas atas umum adalah sekitar 2.000 IU (50 mcg) per hari untuk orang dewasa. Jika Anda mengonsumsi suplemen, konsultasikan dosis dengan penyedia layanan kesehatan.;0.9065;0.4394;0.4053;0.5012
Brain Power -123-133;gpt;Saya sering melewatkan sarapan karena sibuk. Apa dampaknya pada mood dan fokus?;Melewatkan makan, terutama sarapan, bisa menurunkan kadar glukosa yang otak butuhkan—mengakibatkan kesulitan fokus, mood yang buruk, dan penurunan produktivitas. Jika sulit makan di pagi hari, coba pilihan ringan seperti buah atau roti gandum yang mudah dicerna.;0.898;0.3142;0.3984;0.4996
Brain Power -123-133;gpt;Kalau saya sedang diet ketat dan sengaja melewatkan makan, apakah itu berbahaya untuk otak?;"Puasa ekstrem atau melewatkan makan secara rutin dapat mengganggu fungsi kognitif dan suasana hati. Jika Anda sedang menurunkan berat badan, lakukan dengan cara seimbang dan terencana agar nutrisi otak tetap terpenuhi; berkonsultasilah dengan ahli gizi bila perlu.";0.6498;0.4439;0.4446;0.2053
Brain Power -123-133;gpt;Saya jadi mudah marah kalau telat makan. Apa nama kondisi ini dan bagaimana mengatasinya?;Perubahan mood yang tajam karena lapar umum disebut 'hangry'. Atasi dengan jadwal makan teratur, sedia camilan sehat, dan pastikan asupan karbohidrat kompleks untuk menjaga gula darah tetap stabil.;0.8984;0.2734;0.4535;0.4449
Brain Power -123-133;gpt;Saya merasa bersyukur kadang terasa dibuat-buat. Apakah menulis syukur benar-benar membantu?;"Menulis hal yang Anda syukuri terbukti membantu beberapa orang menggantikan fokus dari emosi negatif. Efeknya bertambah jika dilakukan secara rutin. Namun, bukan berarti memaksakan rasa syukur palsu; tuliskan hal-hal kecil yang memang Anda rasakan membuat hidup lebih baik.";0.8364;0.203;0.765;0.0715
Brain Power -123-133;gpt;Kalau saya sedang depresi, apakah latihan syukur masih berguna?;"Latihan syukur bisa membantu sebagian orang; tetapi pada depresi berat, efeknya mungkin terbatas. Ini bukan pengganti terapi profesional. Kalau Anda merasa depresi, penting mencari dukungan dari tenaga kesehatan mental selain melakukan latihan syukur.";0.9283;0.1088;0.1858;0.7425
Brain Power -123-133;gpt;Bagaimana cara mulai menulis syukur agar terasa nyata dan tidak klise?;"Fokus pada detail konkret: tuliskan tiga sampai lima hal spesifik hari ini yang membuat Anda merasa sedikit lebih baik—misalnya 'kopi hangat pagi ini' atau 'pesan singkat dari teman'. Hindari frasa umum; hal kecil yang nyata lebih mudah dirasakan.";0.8897;0.2591;0.2659;0.6238
Brain Power -123-133;gpt;Saya malu menari karena nggak pandai gerak. Apakah menari tetap berfaedah untuk otak?;Ya — menari melibatkan musik, gerakan, dan koordinasi yang merangsang banyak area otak sekaligus. Manfaatnya bukan soal keahlian melainkan keterlibatan tubuh dan musik. Mulailah dari gerakan sederhana di rumah jika itu membuat Anda nyaman.;0.8854;0.2691;0.3336;0.5517
Brain Power -123-133;gpt;Saya punya masalah memori. Bisa menari bantu mengurangi risiko demensia?;Penelitian menunjukkan aktivitas menari terhubung dengan peningkatan materi putih otak dan menurunkan risiko penurunan kognitif bila dibandingkan dengan beberapa bentuk latihan lain. Menari adalah salah satu aktivitas yang melibatkan banyak aspek otak sekaligus, sehingga bermanfaat untuk memori.;0.9442;0.2314;0.0994;0.8448
Brain Power -123-133;gpt;Saya sering skip sarapan supaya cepat turun berat badan. Apa saran yang lebih sehat?;Melewatkan sarapan bisa memperburuk kontrol nafsu makan dan fokus. Pilih sarapan seimbang tinggi serat dan rendah lemak—misalnya gandum utuh atau buah—yang membantu energi pagi dan mengatur nafsu makan sepanjang hari. Jika ingin menurunkan berat badan, rencanakan makanan secara seimbang daripada melewatkan makan.;0.8122;0.3762;0.2089;0.6033
Brain Power -123-133;gpt;Apakah sarapan memengaruhi kemampuan belajar dan kerja?;Iya — sarapan menyediakan glukosa segar untuk otak. Orang yang sarapan cenderung lebih fokus, lebih baik pemecahan masalah, dan mempunyai daya tahan lebih baik di pagi hari.;0.9112;0.2389;0.7361;0.1751
Brain Power -123-133;gpt;Saya tidak bisa nyanyi tapi ingin manfaatnya. Apa yang bisa saya lakukan?;Bersenandung, humming, atau bernyanyi sendiri di kamar adalah alternatif bagus. Aktivitas suara merangsang area memori otak dan bisa menenangkan suasana hati. Yang penting nikmati prosesnya tanpa menilai suara Anda.;0.7567;0.1527;0.6597;0.097
Brain Power -123-133;gpt;Bernyanyi apakah benar membantu orang dengan masalah memori seperti demensia?;Banyak laporan menunjukkan bernyanyi membantu mengaktifkan memori yang mungkin sulit diakses lewat cara lain. Musik sering terhubung dengan emosi dan ingatan sehingga bisa menjadi jalan untuk mengingat dan menenangkan.;0.8396;0.3519;0.3085;0.5311
Brain Power -123-133;gpt;Kalau saya merasa malu nyanyi di depan orang, apa yang bisa saya lakukan untuk mulai?;Mulailah secara pribadi—nyanyi atau bersenandung saat mandi atau saat beraktivitas. Jika ingin berkembang, bergabung dengan kelompok bernyanyi komunitas bisa jadi lingkungan yang suportif. Lakukan sedikit demi sedikit sesuai kenyamanan Anda.;0.8576;0.2259;0.3294;0.5282
Brain Power -13-23;gpt;Akhir-akhir ini saya merasa sedih terus, apakah olahraga bisa benar-benar membantu suasana hati saya?;Iya, olahraga bisa membantu. Saat berolahraga tubuh melepaskan endorfin, zat kimia yang bisa meningkatkan mood dan mengurangi rasa sakit. Tidak perlu olahraga berat, jalan cepat atau aktivitas sederhana juga sudah bermanfaat. Kalau kamu tidak suka olahraga, kamu bisa coba hal kecil lain seperti mencium aroma lavender atau makan makanan pedas. Namun hindari narkoba karena meski bisa memicu endorfin, dampaknya merusak otak dan tubuh.;0.8625;0.2044;0.5381;0.3244
Brain Power -13-23;gpt;Saya sering merasa tertekan, apakah tertawa benar-benar bisa membantu saya lebih baik?;Tertawa itu terapi alami yang bagus, karena bisa menurunkan stres, melancarkan aliran oksigen ke otak, bahkan memperkuat daya tahan tubuh. Menonton film lucu, ikut acara komedi, atau sekadar bercanda dengan teman bisa jadi cara sehat untuk merasa lebih ringan. Masalahmu tidak hilang seketika, tapi dengan tertawa, beban terasa lebih mudah dihadapi.;0.9449;0.2388;0.3987;0.5463
Brain Power -13-23;gpt;Saya benci pekerjaan saya, tapi saya tetap bertahan karena butuh uang. Apakah ini bisa memengaruhi kesehatan mental saya?;Ya, membenci pekerjaan dalam jangka panjang bisa berdampak negatif, seperti meningkatkan risiko depresi, insomnia, dan rasa cemas. Kalau situasi sudah terlalu berat, mungkin kamu perlu mulai memikirkan opsi lain, entah mencari pekerjaan baru atau menemukan sisi yang membuat pekerjaanmu lebih bermakna. Kesehatan mentalmu sama pentingnya dengan stabilitas finansial.;0.9397;0.3067;0.2248;0.715
Brain Power -13-23;gpt;Saya jarang olahraga, tapi banyak orang bilang olahraga bisa meningkatkan kepercayaan diri. Apakah benar?;Benar. Olahraga rutin, bahkan hanya 20–30 menit sehari, bisa memperlancar aliran darah ke otak dan meningkatkan hormon yang melindungi sel-sel saraf. Efeknya bukan hanya fisik, tapi juga emosional—olahraga bisa membuat kamu merasa lebih berharga dan percaya diri. Jadi, coba mulai dengan langkah kecil seperti jalan cepat atau peregangan ringan.;0.8858;0.3623;0.4;0.4858
Brain Power -13-23;gpt;Saya sedang gencar berolahraga karena ingin sehat, tapi kadang tubuh saya terasa lelah sekali. Apakah saya berlebihan?;Mungkin iya. Terlalu banyak olahraga bisa berakibat buruk, bahkan menurunkan pembentukan sel otak baru. Kalau tubuh sudah memberi sinyal lelah atau sakit, sebaiknya kurangi intensitas. Olahraga seharusnya menguatkan tubuh, bukan menyiksanya. Dengarkan tubuhmu—seimbang lebih baik daripada berlebihan.;0.8921;0.2064;0.2075;0.6846
Brain Power -13-23;gpt;Saya merasa gagal karena tidak bisa jadi yang terbaik. Bagaimana cara saya menyikapinya?;Tidak apa-apa kalau tidak selalu jadi yang terbaik. Fokuslah pada perbaikan, bukan kesempurnaan. Misalnya, berjalan cepat 30 menit sehari jauh lebih baik daripada tidak bergerak sama sekali. Pilihan 'lebih baik' sudah membawa dampak positif. Jadi hargai setiap langkah kecil yang kamu ambil, karena itu juga bentuk keberhasilan.;0.8195;0.4324;0.2907;0.5288
Brain Power -13-23;gpt;Saya sering sulit tidur. Apa ada cara alami untuk membantu tidur saya jadi lebih nyenyak?;Salah satu caranya adalah melatonin, hormon alami yang membantu tubuh tidur. Kamu bisa mendapatkannya dari makanan seperti almond, tomat, kenari, atau goji berry. Kalau tetap sulit, suplemen melatonin bisa jadi opsi, tapi lebih baik diminum menjelang tidur. Tidur yang cukup sangat penting untuk kesehatan otakmu.;0.9378;0.2965;0.4094;0.5284
Brain Power -13-23;gpt;Saya takut kalau suatu hari mengalami cedera otak. Apa yang bisa saya lakukan untuk melindungi otak saya?;Langkah pencegahan sangat penting. Biasakan menggunakan sabuk pengaman, hati-hati saat naik turun tangga, dan jangan menggunakan kursi sebagai pengganti tangga. Hindari perkelahian atau aktivitas yang rawan benturan kepala. Cedera otak bisa berdampak jangka panjang, jadi menjaga keselamatan dalam aktivitas sehari-hari adalah langkah terbaik.;0.9078;0.2121;0.3126;0.5953
Brain Power -13-23;gpt;Saya sering merasa cepat lupa, apakah ada vitamin yang bisa membantu otak saya?;Vitamin B12 penting untuk menjaga fungsi otak, terutama pada usia lanjut. Kekurangan B12 bisa menyebabkan masalah ingatan dan suasana hati. Kamu bisa mendapatkannya dari makanan atau multivitamin. Mengonsumsi B12 aman, tapi jangan berharap dosis berlebih memberi manfaat ekstra. Cukup penuhi kebutuhan harianmu.;0.7059;0.3099;0.3496;0.3563
Brain Power -13-23;gpt;Saya pernah hampir pingsan karena kepanasan saat bekerja di luar. Apakah itu berbahaya untuk otak?;Ya, kepanasan berlebihan bisa menyebabkan heatstroke, kondisi darurat medis yang bisa merusak otak. Gejalanya termasuk sakit kepala, mual, napas cepat, dan perubahan kesadaran. Kalau mengalami itu, segera cari pertolongan medis. Untuk pencegahan, minum cukup air, beristirahat, dan usahakan berada di tempat sejuk atau ber-AC saat cuaca panas.;0.8766;0.2012;0.6049;0.2717
Brain Power -13-23;gpt;Saya punya teman yang mencoba narkoba untuk merasa 'senang'. Apakah itu berbahaya bagi otak?;Sangat berbahaya. Narkoba seperti heroin, kokain, atau sabu bisa merusak kemampuan berpikir, memori, dan kendali diri. Efeknya permanen meskipun sudah berhenti memakai. Selain itu, narkoba menimbulkan kecanduan dan masalah sosial. Jika ada orang yang sudah menggunakannya, sebaiknya segera mencari bantuan profesional atau pusat rehabilitasi. Tidak ada kondisi di mana narkoba jadi solusi yang aman.;0.9573;0.1579;0.2785;0.6787
Brain Power -2-12;gpt;Akhir-akhir ini aku merasa gampang marah, emosiku naik turun, dan sering sakit kepala. Apa mungkin ini karena stres?;Ya, tanda-tanda yang kamu rasakan bisa jadi berkaitan dengan stres. Saat stres, tubuh menghasilkan zat kimia yang membuat otak terus siaga sehingga kamu jadi sulit tenang, emosimu tidak stabil, bahkan bisa muncul sakit kepala. Kamu nggak salah merasakan hal ini, dan wajar banget kalau itu bikin tidak nyaman. Cobalah akui pada dirimu bahwa kamu sedang stres, lalu perlahan urus hal-hal yang bisa kamu kendalikan. Untuk hal-hal di luar kendali, izinkan dirimu untuk tidak terus memikirkannya. Itu bisa membantu otakmu merasa lebih lega.;0.9019;0.1544;0.2245;0.6774
Brain Power -2-12;gpt;Kenapa sih aku sering cepat lupa dan susah ambil keputusan ketika lagi banyak tekanan?;Itu terjadi karena stres mengganggu kerja otak, membuatmu lebih rentan lupa, sulit fokus, bahkan susah mengambil keputusan. Jadi bukan karena kamu lemah, tapi memang tubuhmu sedang bekerja keras menghadapi tekanan. Supaya lebih ringan, coba istirahat sebentar, atur napas, atau lakukan hal kecil yang menenangkan. Dengan begitu, otakmu bisa pelan-pelan kembali jernih.;0.9624;0.2418;0.4669;0.4955
Brain Power -2-12;gpt;Aku sering merasa terjebak di pikiran sendiri, kayak overthinking gitu. Ada cara supaya aku bisa lebih menikmati hidup?;Salah satu cara yang bisa membantu adalah masuk ke kondisi 'flow', yaitu ketika kamu benar-benar larut dalam aktivitas yang kamu suka. Misalnya menulis, melukis, atau bahkan merapikan kamar sambil dengar musik. Saat berada dalam flow, otakmu menghasilkan hormon yang bikin rileks dan bahagia. Kamu bisa coba pilih aktivitas yang menantang tapi masih sesuai kemampuanmu, supaya tetap menarik tanpa bikin stres.;0.7282;0.3525;0.3826;0.3456
Brain Power -2-12;gpt;Aku pengen bisa lebih bahagia, tapi kadang kepikiran terus sama masalah-masalahku. Apa ada cara sederhana buat mulai merasa lebih positif?;Kamu nggak sendiri kok kalau merasa sulit lepas dari pikiran tentang masalah. Tapi ada langkah kecil yang bisa kamu coba. Misalnya, tetap sibuk dengan aktivitas yang bermanfaat supaya pikiranmu nggak terlalu lama terjebak di kekhawatiran. Kamu juga bisa coba pakai afirmasi positif, merayakan keberhasilan sekecil apa pun, dan mengurangi penggunaan kata-kata negatif pada dirimu sendiri. Bukan berarti masalahnya hilang, tapi dengan cara ini otakmu bisa lebih terlatih untuk melihat sisi yang lebih menenangkan.;0.8794;0.2251;0.2996;0.5799
Brain Power -2-12;gpt;Aku lagi gampang cemas akhir-akhir ini. Katanya makanan bisa berpengaruh ke otak, bener nggak sih?;Betul sekali. Apa yang kamu makan bisa memengaruhi kesehatan otak. Misalnya, makanan nabati, ikan berlemak, kacang-kacangan, dan sayuran hijau bisa bantu daya ingat dan turunkan tekanan darah. Sebaliknya, terlalu sering makan makanan berlemak jenuh atau gorengan bisa bikin otak lebih cepat lelah. Jadi kamu bisa coba pelan-pelan menambah sayuran atau buah di menu harianmu, bukan dengan aturan kaku, tapi sebagai bentuk perhatian ke dirimu sendiri.;0.7864;0.3347;0.3509;0.4355
Brain Power -2-12;gpt;Aku sering nulis to-do list, tapi kadang malah bikin tambah tertekan karena nggak semuanya selesai. Apa gunanya sebenarnya?;Justru dengan menulis to-do list, kamu membantu otakmu mengurangi beban karena nggak perlu mengingat semuanya sekaligus. Bahkan menyelesaikan hal kecil dan mencoretnya bisa bikin otakmu menghasilkan dopamin yang membuat suasana hati lebih baik. Jadi nggak masalah kalau nggak semua selesai dalam sehari, yang penting ada kemajuan kecil yang bisa kamu rayakan.;0.8728;0.1601;0.5395;0.3333
Brain Power -2-12;gpt;Aku suka minum kopi biar semangat, tapi kadang jadi susah tidur. Sebenarnya kopi bagus atau nggak buat otak?;Kopi punya sisi positif, seperti bikin lebih fokus dan bisa membantu menurunkan risiko depresi kalau dikonsumsi dengan wajar. Tapi kalau kebanyakan, bisa bikin migren, gelisah, susah tidur, bahkan sakit maag. Jadi bukan berarti kopi itu jelek, hanya perlu kamu atur supaya nggak berlebihan. Kalau kamu merasa kopi bikin cemas atau tidurmu terganggu, mungkin bisa coba kurangi porsinya.;0.8511;0.2365;0.5874;0.2637
Brain Power -2-12;gpt;Aku merasa lebih tenang kalau nulis diary. Apakah itu memang ada manfaatnya buat kesehatan mental?;Ya, menulis jurnal harian sangat bermanfaat. Dengan menulis tangan, otakmu lebih aktif, daya ingat meningkat, dan emosimu bisa tersalurkan. Prosesnya juga bikin refleksi, sehingga kamu bisa lebih memahami perasaanmu sendiri. Bahkan gerakan menulis yang berulang bisa membantu tubuhmu lebih rileks. Jadi lanjutkan aja, itu bisa jadi cara yang sehat untuk merawat dirimu.;0.8807;0.2725;0.4126;0.468
Brain Power -2-12;gpt;Aku sering multitasking biar cepet selesai, tapi malah jadi capek dan hasilnya nggak maksimal. Kenapa bisa gitu ya?;Karena sebenarnya otak kita tidak dirancang untuk benar-benar multitasking. Yang terjadi adalah otak bolak-balik pindah tugas, sehingga energi cepat terkuras dan kualitas kerja menurun. Jadi bukan kamu yang kurang pintar, tapi memang begitu cara kerja otak. Coba kerjakan satu hal dulu sampai selesai, baru lanjut ke tugas berikutnya. Itu bisa membuatmu lebih fokus dan hasilnya juga lebih baik.;0.9469;0.3072;0.1027;0.8442
Brain Power -2-12;gpt;Aku kadang merasa kesepian. Kalau aku ikut kegiatan relawan, apa benar bisa bikin aku merasa lebih baik?;Ya, ikut kegiatan relawan bisa bikin perasaanmu lebih hangat dan terhubung dengan orang lain. Saat kamu membantu, otakmu menghasilkan hormon bahagia seperti dopamin dan endorfin. Bahkan penelitian menunjukkan relawan bisa punya kesehatan fisik dan mental yang lebih baik. Jadi kalau ada kesempatan, ikutlah meski kegiatan kecil saja. Itu bisa bantu kamu merasa lebih berarti dan tidak sendirian.;0.8943;0.1958;0.2193;0.675
Brain Power -2-12;gpt;Aku lagi banyak pikiran, kira-kira jalan kaki bisa bantu nenangin otak nggak?;Tentu bisa. Jalan kaki membantu meningkatkan aliran darah ke otak, bikin mood jadi lebih baik, bahkan bisa memunculkan ide baru saat kamu lagi buntu. Selain itu, aktivitas fisik ringan seperti jalan santai bisa bikin tubuh lebih rileks. Jadi coba aja keluar sebentar, hirup udara segar, dan biarkan langkahmu menenangkan pikiran.;0.8128;0.644;0.2043;0.6085
Brain Power -2-12;gpt;Aku sering main media sosial berjam-jam dan malah ngerasa makin sedih. Kenapa bisa begitu?;Itu bisa terjadi karena media sosial memengaruhi cara otakmu bekerja. Kalau terlalu lama, kamu bisa jadi merasa kesepian, frustrasi, atau sedih karena membandingkan diri dengan orang lain. Bukan berarti media sosial selalu buruk, tapi kuncinya ada di cara menggunakannya. Coba batasi waktu, dan gunakan dengan bijak untuk hal-hal positif. Ingat, kamu yang mengendalikan media sosial, bukan sebaliknya.;0.9212;0.1327;0.2424;0.6788
Brain Power -24-34;gpt;Akhir-akhir ini aku merasa sulit tersenyum karena beban pikiran yang berat. Apa benar tersenyum bisa membantu perasaanku jadi lebih baik?;Aku paham rasanya berat saat senyum pun terasa sulit. Namun, tersenyum meski kecil bisa memberi sinyal positif ke otak kita. Senyum itu bukan solusi instan, tapi bisa sedikit meredakan stres dan membantu suasana hati lebih tenang. Kalau terasa berat, coba mulai dengan senyum kecil tanpa harus memaksakan diri.;0.8217;0.1953;0.7254;0.0964
Brain Power -24-34;gpt;Aku suka main teka-teki silang, tapi kok aku tetap merasa mudah lupa ya?;Itu wajar, teka-teki silang memang menyenangkan tapi tidak selalu melatih memori secara nyata. Otak lebih terlatih ketika kita menghadapi masalah di dunia nyata, misalnya menghafal daftar belanja atau mencoba cara baru dalam rutinitas. Jadi tetap boleh main teka-teki, tapi tambahkan aktivitas yang menantang pikiranmu sehari-hari juga.;0.8647;0.275;0.2967;0.568
Brain Power -24-34;gpt;Aku sering merasa cepat lapar padahal sudah makan. Apa benar serat bisa bikin lebih kenyang dan juga bantu otak?;Iya, serat bisa membuat tubuh merasa kenyang lebih lama dan juga berperan penting untuk kesehatan otak. Cobalah menambahkan sayuran segar, buah utuh, kacang-kacangan, atau gandum dalam setiap makanmu. Dengan begitu tubuh dan otakmu mendapat energi yang lebih stabil.;0.9303;0.4603;0.4553;0.475
Brain Power -24-34;gpt;Aku dengar peradangan bisa bikin orang gampang kena depresi atau pikun, apa itu benar?;Benar, peradangan kronis di tubuh bisa memengaruhi kesehatan otak, termasuk meningkatkan risiko masalah seperti depresi atau penurunan daya ingat. Untuk mencegahnya, kamu bisa menjaga pola hidup sehat, seperti makan buah dan sayur, hindari rokok dan alkohol berlebihan, serta menjaga pola tidur. Itu langkah kecil yang bisa membantu tubuhmu lebih kuat.;0.892;0.1806;0.602;0.29
Brain Power -24-34;gpt;Katanya otak kita cuma kepake 10%. Apa itu berarti aku nggak bisa lebih pintar dari ini?;Sebenarnya itu hanya mitos. Otak kita jauh lebih aktif dari sekadar 10%. Kamu bisa terus melatih dan mengasah kemampuanmu lewat belajar hal baru, olahraga, atau bahkan jadi relawan. Semakin banyak aktivitas sehat yang kamu lakukan, otakmu akan semakin terlatih.;0.9551;0.231;0.3168;0.6384
Brain Power -24-34;gpt;Aku bosan makan menu yang itu-itu saja, tapi juga malas coba makanan baru. Apa itu ada pengaruhnya ke otak?;Ada pengaruhnya. Otak suka dengan tantangan dan hal baru. Mencoba makanan baru bukan hanya menyenangkan, tapi juga membantu otak tetap aktif dan tubuh mendapat variasi nutrisi. Tidak perlu langsung yang rumit, cukup ganti satu menu sederhana dalam seminggu sebagai permulaan.;0.7932;0.2099;0.6102;0.183
Brain Power -24-34;gpt;Aku sering gagal dalam mencoba kebiasaan sehat baru, rasanya jadi nggak ada gunanya. Apa benar gagal itu bisa bikin belajar?;Perasaan itu wajar, tapi sebenarnya otak kita lebih mudah belajar dari kesuksesan. Saat berhasil melakukan sesuatu, otak melepas dopamine yang membuat kita ingin mengulanginya. Jadi, lebih baik fokus pada langkah kecil yang bisa kamu lakukan konsisten, lalu rayakan keberhasilan kecil itu.;0.9344;0.221;0.699;0.2355
Brain Power -24-34;gpt;Aku gampang capek dan susah fokus. Temanku bilang coba minum vitamin C, apa benar bisa bantu otak juga?;Vitamin C memang penting untuk otak, karena membantu produksi neurotransmitter yang mendukung fokus dan suasana hati. Kamu bisa mendapatkannya dari buah segar seperti jeruk, kiwi, tomat, atau mangga. Namun ingat, jangan berlebihan karena bisa ada efek samping. Cukupkan saja sesuai kebutuhan tubuhmu.;0.8954;0.3385;0.6611;0.2343
Brain Power -24-34;gpt;Kalau aku lagi kepikiran terus sampai stres, apa ada cara simpel untuk nenangin diri?;Ada, salah satunya melakukan aktivitas berulang seperti merapikan kamar, mencuci piring, atau bermain game sederhana. Aktivitas ini bisa membantu otak berhenti dari lingkaran pikiran yang bikin stres dan justru membuka ruang kreativitas. Jadi, kamu tetap produktif sekaligus lebih tenang.;0.7937;0.4148;0.5288;0.2649
Brain Power -24-34;gpt;Aku khawatir dengan racun dari makanan atau polusi. Apa ada cara alami buat bersihin tubuh dan otak dari racun?;Kekhawatiranmu valid. Untuk membantu tubuh melawan racun, kamu bisa banyak minum air, makan buah dan sayuran segar, olahraga, atau sekadar coba pernapasan dalam di tempat bersih. Jangan lupa juga cuci bahan makanan dengan baik. Kalau memang ada paparan serius, sebaiknya konsultasikan ke dokter.;0.7976;0.5352;0.4934;0.3042
Brain Power -24-34;gpt;Aku suka niat olahraga tapi sering hilang motivasi di tengah jalan. Apa ada cara biar lebih konsisten?;Banyak orang juga mengalami hal yang sama. Salah satu cara efektif adalah mencari teman latihan atau pelatih pribadi yang bisa mendampingi. Dengan ada yang mengingatkan dan mendukung, kamu jadi lebih mudah menjaga komitmen. Kalau belum bisa, cobalah mulai dengan target kecil yang realistis.;0.8465;0.3851;0.3836;0.4629
Brain Power -35-45;gpt;Saya merasa bahagia setelah jatuh cinta, tapi takut itu berlebihan. Apa yang sebaiknya saya lakukan?;Perasaan bahagia saat jatuh cinta wajar — otak memang terstimulasi. Rasakan kebahagiaan itu, tapi tetap jaga keseimbangan: beri ruang untuk teman, hobi, dan kesehatan fisik Anda. Jika perasaan itu mengganggu fungsi sehari-hari atau membuat Anda mengambil keputusan berisiko, bicarakan dengan seseorang yang Anda percaya atau profesional untuk membantu melihat situasi secara lebih jernih.;0.7512;0.3231;0.3261;0.4251
Brain Power -35-45;gpt;Kenapa hubungan yang hangat terasa membuat saya lebih sehat secara fisik?;Rasa dicintai dan hubungan hangat dapat menurunkan stres, memperkuat sistem kekebalan, dan meningkatkan energi. Ini bukan sekadar perasaan—ada pengaruh biologis yang nyata yang membantu tubuh dan otak Anda bekerja lebih baik.;0.9491;0.308;0.2452;0.7039
Brain Power -35-45;gpt;Dokter bilang kolesterol saya agak tinggi. Saya khawatir itu memengaruhi otak. Benarkah?;Ya, kadar kolesterol yang tinggi terkait dengan risiko stroke dan gangguan kognitif. Penting untuk memeriksa profil lipoprotein lengkap—bukan hanya kolesterol total—agar tahu HDL dan LDL Anda. Bekerjasamalah dengan dokter untuk langkah yang sesuai, bisa meliputi perubahan gaya hidup dan pengobatan jika diperlukan.;0.8874;0.2398;0.4913;0.3961
Brain Power -35-45;gpt;Bagaimana saya tahu apakah HDL dan LDL saya dalam batas aman?;"HDL baik jika di atas 60 mg/dL; HDL kurang baik jika di bawah 40 mg/dL. LDL optimal di bawah 100 mg/dL, ada kategori hingga tinggi di atasnya. Mintalah hasil lab lengkap dari dokter agar Anda mendapat gambaran jelas tentang risiko.";0.6985;0.2622;0.6905;0.008
Brain Power -35-45;gpt;Saya mudah lupa nama orang baru. Apa latihan sederhana untuk menguatkan memori?;Coba ulangi nama orang itu tiga kali saat diperkenalkan, gunakan namanya dalam percakapan, dan uji diri keesokan harinya. Menghafal baris puisi favorit atau mengulang informasi baru beberapa kali juga membantu memperkuat jejak memori.;0.9626;0.2818;0.4358;0.5268
Brain Power -35-45;gpt;Seberapa sering saya harus melatih memori agar ada perubahan nyata?;Konsistensi penting. Latihan kecil setiap hari—mengulang nama, menghafal satu baris atau menguji diri setiap pagi—akan membantu memperkuat koneksi saraf yang menyimpan memori.;0.9621;0.2535;0.5471;0.415
Brain Power -35-45;gpt;Saya sering merasa kesepian, tapi takut keluar rumah. Bagaimana saya bisa bersosialisasi tanpa terasa berat?;"Mulailah dengan langkah kecil: mengobrol singkat dengan tetangga, ikut kelas singkat, atau bergabung dengan kelompok hobi yang menarik minat Anda. Bertemu orang lain, bahkan sebentar, bisa meningkatkan suasana hati. Jangan paksa diri; lakukan perlahan sesuai kenyamanan Anda.";0.8237;0.235;0.4854;0.3383
Brain Power -35-45;gpt;Apakah bersosialisasi benar-benar membantu mencegah penurunan kognitif?;Ya — riset menunjukkan keterlibatan sosial yang aktif berkaitan dengan hasil yang lebih baik pada tes memori dan belajar, serta menurunkan risiko demensia. Hubungan sosial memberi rangsangan mental dan emosional yang bermanfaat.;0.8673;0.2401;0.2344;0.6329
Brain Power -35-45;gpt;Saya ingin mulai berenang, tapi cemas karena tidak terbiasa. Apa manfaatnya untuk suasana hati?;"Berenang adalah latihan aerobik yang meningkatkan aliran darah ke otak dan bisa punya efek antidepresif. Mulailah perlahan dengan sesi singkat; jika perlu, ikuti kelas untuk pemula agar lebih aman dan terarah.";0.7329;0.2345;0.5468;0.1861
Brain Power -35-45;gpt;Saya khawatir berenang tidak seefektif olahraga lain. Benarkah berenang lebih baik?;Berenang memberi resistensi air yang unik dan melibatkan seluruh otak dan tubuh—penelitian menunjukkan peningkatan aliran darah serebral yang baik. Ini pilihan yang sangat baik, khususnya jika Anda mencari latihan berdampak rendah pada sendi.;0.704;0.2587;0.6486;0.0554
Brain Power -35-45;gpt;Saya ingin mencoba yoga tetapi takut tidak bisa mengikuti pose. Apa yang perlu saya tahu?;Yoga untuk pemula biasanya menekankan pernapasan dan gerakan bertahap. Manfaatnya termasuk pengurangan kecemasan, peningkatan fokus, dan bahkan perubahan struktural di otak jika dilakukan rutin. Ambil kelas pemula dengan instruktur bersertifikat agar mendapat panduan teknik yang aman.;0.9299;0.428;0.5509;0.379
Brain Power -35-45;gpt;Apakah satu sesi yoga singkat bisa membantu fokus saya?;Bisa. Penelitian menunjukkan sesi yoga sekitar 20 menit dapat meningkatkan kemampuan fokus dan mempertahankan informasi baru. Jadi, sesi singkat juga memberi manfaat nyata.;0.6825;0.6323;0.5214;0.1611
Brain Power -35-45;gpt;Saya menghabiskan banyak waktu mengemudi dan merasa lelah. Apakah itu mempengaruhi otak saya?;Ya, mengemudi lebih dari dua jam sehari dikaitkan dengan penurunan kognitif pada beberapa studi — mungkin karena kombinasi ketidakaktifan, stres, dan kelelahan. Jika memungkinkan, pertimbangkan opsi kerja yang lebih dekat, berbagi perjalanan, atau alternatif transportasi.;0.9692;0.2574;0.4431;0.5261
Brain Power -35-45;gpt;Saya tidak bisa pindah kerja. Apa yang bisa saya lakukan untuk mengurangi pengaruh negatif mengemudi panjang?;Coba pecah perjalanan dengan istirahat singkat, lakukan peregangan saat berhenti, pastikan tidur cukup, dan minimalkan stres saat berkendara. Jaga gaya hidup sehat secara keseluruhan agar dampak negatifnya berkurang.;0.7854;0.2614;0.5779;0.2074
Brain Power -35-45;gpt;Saya sering sakit perut dan mood saya berubah-ubah. Ada hubungan antara usus dan suasana hati?;Iya. Sistem saraf enterik di usus berhubungan erat dengan otak—banyak neurotransmitter seperti serotonin diproduksi di saluran pencernaan. Mengurus kesehatan usus, misalnya menangani masalah pencernaan, dapat membantu stabilkan suasana hati.;0.858;0.2589;0.6058;0.2522
Brain Power -35-45;gpt;Apa langkah sederhana untuk menjaga kesehatan usus yang juga bisa membantu suasana hati saya?;Perhatikan pola makan seimbang, atasi gejala sindrom iritasi usus dengan bimbingan dokter, dan jaga hidrasi serta aktivitas fisik. Jika perlu, konsultasikan profesional kesehatan untuk saran yang terpersonalisasi.;0.6721;0.4831;0.602;0.0701
Brain Power -35-45;gpt;Saya sering lupa minum air dan merasa pusing. Seberapa penting hidrasi untuk otak?;"Sangat penting. Otak sekitar 73% air—dehidrasi menyebabkan pusing, kurang konsentrasi, dan gangguan fungsi kognitif. Usahakan minum 8–12 cangkir sehari dan periksa warna urin; yang jernih atau kuning pucat menandakan hidrasi baik.";0.8716;0.3271;0.6663;0.2053
Brain Power -35-45;gpt;Kadang saya merasa susah rileks. Bagaimana teknik pernapasan perut membantu?;Pernapasan perut (diafragma) membawa lebih banyak oksigen dan meredakan ketegangan. Latih dengan membayangkan mengisi balon di perut saat menarik napas dan mengosongkannya saat menghembus. Hanya beberapa napas dalam ini dapat menenangkan pikiran dan meningkatkan fokus.;0.9553;0.3071;0.2894;0.6659
Brain Power -35-45;gpt;Saya biasanya makan siang di depan komputer. Apa masalahnya?;Makan siang di meja mengurangi aktivitas fisik, mengurangi kesempatan bersosialisasi, dan membuat otak 'jenuh'. Beristirahat dan makan bersama orang lain atau sekadar pindah lingkungan sejenak bisa menyegarkan pikiran dan meningkatkan produktivitas.;0.8263;0.2808;0.2117;0.6146
Brain Power -35-45;gpt;Bagaimana saya bisa mulai meninggalkan meja untuk makan siang jika rekan kerja sering sibuk?;"Mulailah dengan jadwal singkat—misalnya 15 menit berjalan ke area lain atau mengajak satu rekan yang juga ingin rehat. Buat kebiasaan kecil dulu; konsistensi akan membuatnya lebih mudah.";0.6449;0.3505;0.6884;-0.0436
Brain Power -46-56;gpt;Saya sering merasa cemas setiap hari, bahkan ketika tidak ada alasan jelas. Rasanya menguras energi. Apa yang bisa saya lakukan sekarang?;Aku mendengar betapa melelahkannya rasa cemas itu — rasanya mengganggu hari-harimu dan membuatmu sulit menikmati hal sederhana. Langkah kecil yang bisa dicoba: tarik napas perlahan selama beberapa menit ketika cemas naik, catat kapan kecemasan muncul (apa pemicunya), dan pertimbangkan teknik relaksasi singkat seperti peregangan atau berjalan sebentar. Jika kecemasan sudah sering mengganggu tidur atau aktivitas, itu wajar untuk cari bantuan profesional (dokter atau psikolog) supaya kamu dapat panduan pengobatan atau terapi yang tepat. Jangan memaksa diri untuk langsung 'baik-baik saja' — merawat kecemasan adalah proses.;0.8273;0.2091;0.2386;0.5887
Brain Power -46-56;gpt;Saya khawatir tentang ingatan saya yang makin menurun. Apakah infeksi di masa lalu bisa berpengaruh?;Perasaan khawatir tentang ingatan sangat dimengerti. Beberapa penelitian menunjukkan bahwa riwayat infeksi, terutama yang kronis, dapat berhubungan dengan masalah memori dan kognisi. Ini bukan kesalahanmu — tubuh dan otak saling terhubung. Yang bisa kamu lakukan sekarang: jaga kebersihan (mis. cuci tangan), tangani infeksi yang sedang ada dengan profesional kesehatan, dan bicarakan riwayat medismu dengan dokter untuk pemeriksaan kognitif jika perlu.;0.7581;0.2188;0.3223;0.4358
Brain Power -46-56;gpt;Dokter bilang cuci tangan biasa saja, tapi saya mau tahu, apakah benar itu membantu menjaga otak?;Iya, saran sederhana seperti cuci tangan memang berdasar. Menghindari infeksi akut dan kronis membantu mengurangi beban pada tubuh yang berpotensi berdampak pada kesehatan otak. Jadi cuci tangan sebelum makan atau setelah ke kamar mandi, serta praktik kesehatan lain seperti menjaga kebersihan alat pribadi, adalah langkah nyata yang bisa melindungi kesehatan jangka panjang.;0.6506;0.3925;0.4904;0.1602
Brain Power -46-56;gpt;Saya merasa sering kesepian dan tidak punya orang dekat untuk dipeluk. Apakah itu berpengaruh pada kesehatan saya?;Kesepian terasa berat, dan itu berpengaruh — hubungan sosial dan kontak fisik yang aman (seperti pelukan) dapat menurunkan stres, mengurangi gejala penyakit terkait stres, dan meningkatkan suasana hati lewat hormon seperti oksitosin. Jika pelukan manusia tidak tersedia, memeluk hewan peliharaan atau mencari kelompok dukungan bisa membantu. Ingat: mencari koneksi adalah kebutuhan manusiawi, bukan kelemahan.;0.8961;0.2166;0.2262;0.6699
Brain Power -46-56;gpt;Orang di keluarga saya selalu menyuruhku untuk 'lebih positif', tapi rasanya memaksa. Bagaimana seharusnya saya berpikir tentang pikiran negatif?;Aku paham frustasinya ketika orang bilang 'jadi positif saja'. Pikiran negatif bukan bukti kelemahan — itu informasi tentang apa yang mengganggumu. Daripada menekan perasaan, coba tuliskan pikiran negatifmu untuk mengurangi kekuatannya dan evaluasi apakah ada langkah konkret untuk mengubah situasi. Jika pikiran negatif terus mendominasi hingga mengganggu fungsimu, itu sinyal untuk minta bantuan profesional, bukan sekadar memaksa positif.;0.8067;0.161;0.2745;0.5322
Brain Power -46-56;gpt;Saya mudah tergoda makan manis terus, padahal khawatir ini memengaruhi mood dan ingatan. Apa yang realistis untuk dilakukan?;Kekhawatiranmu valid. Konsumsi gula berlebih memang dapat mengganggu kognisi dan berhubungan dengan suasana hati seperti kecemasan atau depresi. Mulailah dengan langkah kecil: catat jenis makanan manis yang sering kamu konsumsi, ganti camilan manis dengan buah ketika memungkinkan, dan perhatikan porsi. Hindari menyalahkan diri sendiri bila tergelincir — perubahan pola makan adalah proses bertahap.;0.8349;0.3304;0.3538;0.4811
Brain Power -46-56;gpt;Saya minum alkohol hampir setiap hari untuk 'melepaskan stres'. Baru-baru ini saya baca itu bisa membuat otak mengecil. Haruskah saya berhenti?;Kamu sudah melihat sesuatu penting — bahkan konsumsi alkohol ringan secara berulang bisa berdampak pada volume otak dan fungsi kognitif. Jika minum digunakan sebagai satu-satunya cara untuk mengatasi stres, itu berisiko. Pertimbangkan untuk mengurangi perlahan atau mencari dukungan (teman, keluarga, konselor) untuk strategi koping yang lebih sehat seperti olahraga, tidur lebih baik, atau teknik relaksasi. Jika sulit mengurangi sendiri, mintalah bantuan profesional — itu langkah berani dan benar.;0.7748;0.3063;0.3449;0.4299
Brain Power -46-56;gpt;Saya ingin melatih ingatan saya, tapi tidak tahu harus mulai dari mana. Ada saran sederhana?;Bagus kamu mau mencoba. Mulailah dengan hal-hal yang menyenangkan: lihat foto lama atau tonton video yang memicu kenangan, bercerita dengan teman tentang masa lalu, atau coba permainan memori singkat. Aktivitas nostalgia ini dapat menstimulasi memori jangka panjang dan membantu meningkatkan fungsi kognitif. Lakukan secara rutin, tapi jangan paksa kalau terasa melelahkan.;0.9209;0.3127;0.3165;0.6044
Brain Power -46-56;gpt;Saya sering merasa otak 'lelah' saat mengerjakan tugas sulit. Kenapa rasanya begitu berat padahal tubuh saya tidak capek?;Perasaan itu umum — sebagian karena harapan dan tekanan mental membuat tugas terasa lebih melelahkan. Sikap dan ekspektasimu memengaruhi pengalaman kelelahan mental. Coba ubah pendekatan: bagi tugas jadi bagian kecil, beri jeda singkat, dan ingat bahwa merasa lelah bukan tanda kemampuanmu kurang, melainkan sinyal untuk istirahat atau strategi baru.;0.8804;0.3231;0.2738;0.6066
Brain Power -46-56;gpt;Apakah suplemen seperti GABA, Ginkgo, atau theanine benar-benar membantu kecemasan?;Beberapa orang merasakan manfaat suplemen seperti GABA, ginkgo biloba, atau theanine (ditemukan dalam teh) untuk meredakan kecemasan ringan. Namun bukti bervariasi dan tidak semua orang cocok. Jika mempertimbangkan suplemen, diskusikan dulu dengan dokter, terutama jika sedang minum obat lain atau punya kondisi kesehatan. Jangan menggantikan pengobatan yang diresepkan tanpa konsultasi.;0.9147;0.291;0.2108;0.7038
Brain Power -46-56;gpt;Saya merasa stres kerja tinggi dan sulit tidur. Apa kaitannya stres dengan otak saya?;Stres berulang dapat memengaruhi area otak yang penting seperti korteks prefrontal (pengambilan keputusan) dan hippocampus (memori). Hal ini membuat fokus dan pembelajaran lebih sulit. Langkah yang membantu meliputi teknik manajemen stres (napas, istirahat terjadwal), membatasi beban kerja ketika memungkinkan, dan mencari dukungan bila stres terus-menerus mengganggu fungsi sehari-hari.;0.9174;0.3024;0.2311;0.6864
Brain Power -46-56;gpt;Kadang saya rindu masa lalu dan merasa lebih baik setelah melihat foto lama. Apakah itu buruk?;Tidak buruk sama sekali — nostalgia bisa memberi rasa nyaman dan optimisme terhadap masa depan. Mengunjungi kenangan lewat foto atau cerita dapat menstimulasi memori dan memperbaiki mood. Pastikan juga untuk menjaga keseimbangan antara mengapresiasi masa lalu dan merawat kebutuhan hidup saat ini.;0.8513;0.5799;0.1877;0.6636
Brain Power -46-56;gpt;Saya sulit menjauhi makanan tinggi kolesterol keluarga. Adakah cara makan yang lebih aman tanpa harus merasa ketinggalan?;Kamu bisa membuat perubahan bertahap: pilih metode masak rendah lemak (panggang, kukus), kurangi kuning telur menjadi beberapa kali per minggu, dan tambahkan lebih banyak kacang, tahu, atau tempe sebagai sumber protein alternatif. Perubahan kecil dan berkelanjutan lebih realistis dan bertahan lama daripada penggantian total sekaligus.;0.8293;0.2265;0.4791;0.3503
Brain Power -46-56;gpt;Bagaimana saya bisa mencegah 'penyusutan otak' saat menua? Saya takut kehilangan memori.;Ada beberapa langkah yang nyata: hentikan atau kurangi konsumsi alkohol, kelola stres, tetap aktif secara fisik, dan terus belajar hal baru. Aktivitas intelektual dan sosial dapat 'menyangga' efek penuaan otak. Jika ada kekhawatiran besar tentang memori, bicarakan ke tenaga medis untuk penilaian dan saran spesifik.;0.8819;0.3652;0.2702;0.6117
Brain Power -46-56;gpt;Saya jarang bersosialisasi karena takut ditolak. Tetapi saya tahu bersosialisasi baik untuk otak. Mulai dari mana?;Mulai kecil dan aman: ikut kelompok hobi online atau lokal, hadir di acara komunitas singkat, atau hubungi satu teman lama untuk ngobrol. Interaksi yang konsisten, meski singkat, membantu otak melepas hormon baik dan menjaga koneksi sosial. Rayakan tiap langkah kecil — menata jaringan sosial butuh waktu.;0.8229;0.1605;0.3747;0.4482
Brain Power -46-56;gpt;Saya ingin 'melatih otak' tapi takut aplikasi latihan otak hanya iklan. Apakah pelatihan otak berguna?;Beberapa bentuk latihan mental dapat bermanfaat, terutama bila melibatkan pembelajaran baru dan tantangan kognitif yang bermakna (belajar bahasa, alat musik, keterampilan baru). Aplikasi bisa membantu, tapi fokuslah pada kegiatan yang memberi kepuasan dan tantangan nyata. Kombinasikan dengan olahraga dan interaksi sosial untuk hasil yang lebih baik.;0.9415;0.1939;0.1684;0.7731
Brain Power -46-56;gpt;Kadang saya merasa orang lain mengecilkan masalah saya dengan mengatakan 'yaudah santai saja'. Bagaimana menghadapi komentar seperti itu?;Perasaan diabaikan itu menyakitkan dan valid. Coba ungkapkan dengan tenang apa yang kamu rasakan—mis. 'Aku sedang kesulitan dan butuh didengar.' Jika orang itu terus meremehkan, carilah dukungan dari mereka yang menunjukkan empati dan pengertian. Mencari bantuan profesional juga pilihan yang sah ketika kebutuhanmu tidak terpenuhi oleh lingkungan sekitar.;0.7145;0.4278;0.2398;0.4746
Brain Power -46-56;gpt;Saya kadang merasa aneh kalau minta pelukan, seperti merepotkan. Bagaimana agar lebih nyaman meminta dukungan fisik?;Merasa canggung itu normal. Mulailah dengan komunikasi: katakan pada seseorang yang dekat mis. 'Boleh aku peluk?' atau pilih bentuk kontak lain seperti duduk dekat atau bergandengan tangan. Jika tidak memungkinkan, peluk bantal atau hewan peliharaan juga memberikan efek menenangkan. Kebutuhan untuk dicintai dan dekat itu wajar.;0.8132;0.2346;0.217;0.5962
Brain Power -46-56;gpt;Apakah olahraga benar-benar membantu memulihkan otak atau hanya mitos?;"Bukan mitos — olahraga meningkatkan aliran darah ke otak, mendukung perbaikan jaringan, dan dapat memicu pembentukan sel-sel baru yang membantu memori & pembelajaran. Kamu tidak perlu latihan ekstrem; jalan cepat, senam ringan, atau aktivitas rutin lain yang membuatmu bergerak sudah berdampak positif.";0.7459;0.2941;0.3993;0.3466
Brain Power -46-56;gpt;Saya khawatir kalau begitu banyak tips ini malah membuat saya merasa harus sempurna. Bagaimana saya bisa mengambil langkah tanpa menekan diri?;Kekhawatiran itu sangat wajar. Fokus pada satu atau dua perubahan kecil yang terasa mungkin untukmu sekarang, bukan semua sekaligus. Ingat bahwa kemajuan kecil lebih berkelanjutan daripada usaha besar yang cepat padam. Beri diri izin untuk gagal kadang-kadang — itu bagian dari proses.;0.8019;0.2308;0.3945;0.4074
Brain Power -46-56;gpt;Saya ingin Q&A ini dibuat seperti pasien sedang cerita ke psikolog — bisakah? Saya mau nuansa humanis dan hangat.;Tentu — itulah tujuan dataset ini: setiap jawaban ditulis dengan nada perhatian, hangat, dan suportif, seolah-olah seseorang sedang mendengarkan cerita sulitmu tanpa mengabaikan realitas. Jika kamu mau, aku bisa menyesuaikan lagi nada suaranya (lebih formal/lebih santai) sesuai preferensimu.;0.8031;0.254;0.3556;0.4475
Brain Power -46-56;gpt;Apakah jawaban-jawaban ini bisa digunakan untuk dataset finetuning model Emilia yang fokus pada kesehatan mental?;Ya — jawaban disusun untuk menjadi empatik, manusiawi, dan realistis, serta menghindari toxic positivity. Mereka menegaskan perasaan pengguna, memberi langkah praktis, dan menyarankan bantuan profesional bila perlu. Pastikan untuk meninjau regulasi etika dan keamanan data sebelum digunakan untuk pelatihan model klinis.;0.7051;0.3173;0.5099;0.1952
Brain Power -57-67;gpt;Saya merasa otak saya 'malas' dan susah fokus. Apakah belajar lebih banyak bisa membantu?;"Saya mengerti rasa frustasi itu—meningkatkan pembelajaran memang bisa membantu. Mengikuti kelas atau pelatihan yang menantang pikiran Anda (bukan yang sudah sangat dikenal) dapat melatih ketajaman mental dan memperpanjang daya ingat. Coba pilih topik yang membuat Anda berpikir, lalu perlahan tingkatkan kesulitannya. Mulailah dari sesi singkat dan konsisten; perubahan kecil yang rutin seringkali lebih berpengaruh daripada usaha besar sekali waktu.";0.8866;0.2952;0.6095;0.2771
Brain Power -57-67;gpt;Meja kerja saya berantakan dan saya sering merasa cemas karenanya. Apa yang bisa saya lakukan?;Kekacauan bisa membuat otak Anda kewalahan karena terus 'mencari' hal yang terlihat di sekeliling. Cobalah langkah sederhana: tutup pintu rak yang berisi barang berantakan, gunakan kotak atau laci untuk menyimpan, dan biasakan mengembalikan barang setelah dipakai. Jangan paksakan semuanya sekaligus—lakukan bertahap dan rutin. Kalau butuh, minta teman yang tegas membantu Anda menilai barang mana yang benar-benar penting.;0.9239;0.1553;0.7241;0.1998
Brain Power -57-67;gpt;Saya selalu mengandalkan GPS, tapi kadang saya merasa jarang melatih ingatan arah. Apakah itu berpengaruh?;Ya, tergantung pada kebiasaan. Mengandalkan GPS membuat otak Anda kurang dilatih untuk memori spasial. Coba sesekali gunakan peta kertas atau ambil rute baru saat berkendara atau berjalan — itu melatih pemecahan masalah dan memori ruang, serta memberi otak tantangan yang sehat.;0.8978;0.3465;0.7245;0.1733
Brain Power -57-67;gpt;Saya susah rileks walau sudah lelah. Bagaimana cara merasakan relaksasi yang nyata?;"Hal yang membantu adalah memfokuskan pikiran selama 10–15 menit pada satu kata, napas, atau gagasan sederhana. Latihan seperti ini dapat menurunkan detak jantung, pernapasan, dan ketegangan otot — kondisi yang mirip dengan relaksasi mendalam. Mulailah dengan sesi singkat tiap hari; konsistensi kecil lebih berguna daripada sesi panjang yang jarang.";0.833;0.3582;0.6811;0.152
Brain Power -57-67;gpt;Ada banyak informasi setiap hari, saya cepat lupa hal baru. Ada trik agar tidak lupa?;Coba aturan delapan detik: fokuskan perhatian pada informasi baru setidaknya selama delapan detik agar berpindah dari memori jangka pendek ke jangka panjang. Ulangi informasi itu beberapa kali, lalu tes diri Anda. Teknik sederhana ini meningkatkan kemungkinan Anda mengingatnya nanti.;0.9062;0.2682;0.6182;0.288
Brain Power -57-67;gpt;Saya ingin makan lebih sehat tapi bingung mulai dari mana. Ada saran untuk otak sehat?;Mulailah dengan menambah variasi buah dan sayur setiap minggu. Usahakan piring Anda berwarna-warni—itu membantu memastikan asupan vitamin, mineral, dan serat yang beragam. Pilih buah utuh lebih sering daripada jus atau buah kaleng agar mendapatkan serat yang lebih baik. Target sederhana: minimal dua porsi buah dan tiga porsi sayur sehari.;0.8158;0.3671;0.7152;0.1006
Brain Power -57-67;gpt;Saya sering bingung mengapa saya tertarik pada hal-hal yang membuat saya 'bahagia' meski kadang merugikan. Kenapa begitu?;Otak Anda punya 'sistem hadiah' yang memicu pelepasan zat seperti dopamin saat Anda mengharapkan sesuatu yang menyenangkan. Ini memotivasi Anda mengejar hadiah itu. Namun sistem ini juga membuat kita rentan pada kebiasaan yang memberi kepuasan cepat tapi bermasalah—seperti makanan berlebihan atau perilaku adiktif. Menyadari pola ini adalah langkah pertama untuk membuat pilihan yang lebih bijak.;0.8588;0.3828;0.4006;0.4583
Brain Power -57-67;gpt;Interaksi sosial kadang membuat saya nyaman, tapi terkadang terasa rumit. Apa yang terjadi di otak?;Dalam hubungan sosial, zat seperti oksitosin memberi rasa aman dan keterikatan—itulah yang membuat hubungan penting bagi kebahagiaan kita. Di sisi lain, perasaan dominasi juga bisa memicu serotonin dan memberi kenikmatan tersendiri. Menyadari kedua sisi ini membantu Anda memahami reaksi emosional dalam interaksi sosial tanpa menghakimi diri sendiri.;0.8188;0.4128;0.4623;0.3565
Brain Power -57-67;gpt;Saya selalu merasa khawatir akan hal kecil—mengapa perasaan takut itu terus muncul?;Mekanisme 'waspada' otak, yang termasuk hormon seperti kortisol, berfungsi untuk menarik perhatian saat ada ancaman atau kebutuhan. Otak kita terus memindai potensi masalah sehingga kadang membuat kita merasa harus selalu 'melakukan sesuatu'. Menyadari bahwa ini respons alami dapat membantu Anda membedakan antara ancaman nyata dan kekhawatiran yang berulang.;0.9412;0.3167;0.4676;0.4736
Brain Power -57-67;gpt;Saya merasa melakukan hal yang sama terus membuatnya tidak lagi menyenangkan. Bagaimana mengatasinya?;"Fenomena ini disebut habituasi—pengulangan membuat pengalaman terasa biasa dan menurunkan efek 'kesenangan' awal. Salah satu cara mengatasinya adalah mencari variasi atau pengalaman baru agar otak terus mendapat rangsangan. Namun juga penting menilai apakah pengejaran sensasi baru itu sehat; hindari pilihan yang berisiko seperti obat atau pola makan tidak sehat.";0.7776;0.776;0.2114;0.5662
Brain Power -57-67;gpt;Saya kesulitan mengubah kebiasaan lama. Apakah otak memang membatasi perubahan?;Pengalaman membentuk sirkuit saraf melalui proses seperti mielinasi—jalur yang sering dipakai menjadi lebih efisien. Itu membuat kebiasaan terasa alami. Meski sulit, Anda masih bisa mengubahnya: dengan latihan berulang, perhatian sadar, dan konsistensi, jalur baru bisa terbentuk dan menjadi lebih kuat dari waktu ke waktu. Mulailah langkah kecil dan beri waktu.;0.8728;0.193;0.423;0.4498
Brain Power -57-67;gpt;Kalau saya bereaksi marah di meeting karena merasa idenya buruk, apa pilihan yang lebih sehat?;Anda punya pilihan: menyatakan pendapat langsung dengan cara yang membangun atau menunggu berbicara secara pribadi setelahnya. Pertimbangkan tujuan Anda—apakah ingin mempermalukan orang atau membangun dialog? Tindakan yang bijaksana seringkali menghasilkan konsekuensi sosial yang lebih baik dan tetap menjaga integritas Anda.;0.9207;0.2265;0.4719;0.4488
Brain Power -57-67;gpt;Saya kadang merasa bersalah karena tidak bisa selalu bahagia. Bagaimana jika rasa sedih datang lagi?;Rasa sedih dan negatif bukanlah kegagalan—mereka bagian dari rentang emosional manusia dan penting untuk kelangsungan hidup. Alih-alih memaksakan 'positive thinking' berlebihan, beri ruang untuk merasakan dan memproses emosi itu. Jika ada pola yang mengganggu fungsi sehari-hari, mencari dukungan (mis. konseling) adalah langkah yang bijak.;0.875;0.2838;0.4707;0.4043
Brain Power -57-67;gpt;Saya ingin strategi kebahagiaan yang lebih bertahan lama, bukan cuma sensasi sementara. Ada saran?;Coba evaluasi apa yang benar-benar memberi makna dan kepuasan jangka panjang, bukan sekadar kesenangan instan. Variasi, tujuan yang realistis, dan hubungan bermakna membantu membentuk kebahagiaan yang lebih tahan lama. Hindari strategi yang berisiko atau menipu (seperti penggunaan zat) karena konsekuensinya justru merugikan.;0.8443;0.2897;0.3222;0.5221
Brain Power -57-67;gpt;Saya sering menunda dan merasa terjebak dalam pola lama. Bagaimana cara mempelajari respons yang lebih tepat?;Sadari pola yang terjadi dan latih respons baru lewat praktik berkala. Karena jalur saraf terbentuk oleh penggunaan, ulangi perilaku yang Anda inginkan dalam konteks kecil dan aman sampai terasa lebih alami. Beri diri apresiasi pada kemajuan kecil, bukan menunggu perubahan besar sekaligus.;0.8033;0.1807;0.5916;0.2117
Brain Power -57-67;gpt;Bagaimana saya tahu kalau saya perlu bantuan profesional dan bukan sekadar teknik self-help?;Jika gejala seperti kecemasan, depresi, atau gangguan fungsi sehari-hari berlangsung terus-menerus, memburuk, atau mengganggu kemampuan Anda bekerja dan berhubungan, itu tanda yang jelas untuk mencari bantuan profesional. Teknik self-help berguna, tetapi tak menggantikan dukungan ketika kondisi lebih serius.;0.8513;0.3644;0.4347;0.4166
Brain Power -57-67;gpt;Saya takut mencoba hal baru karena khawatir gagal. Cara menghadapi rasa takut itu?;"Mulailah dengan langkah kecil yang dapat Anda kendalikan—pecah tujuan besar menjadi tugas kecil. Ingat bahwa otak belajar melalui pengalaman; kegagalan kecil memberi informasi penting untuk berkembang. Fokus pada proses belajar, bukan hanya hasil, dan beri diri Anda izin untuk mencoba tanpa menilai diri berlebihan.";0.9119;0.2312;0.6063;0.3056
Brain Power -57-67;gpt;Saya ingin memperbaiki rutinitas agar otak lebih 'sehat'. Rutinitas pagi sederhana apa yang bisa saya coba?;Pertimbangkan kebiasaan singkat: beberapa menit latihan pernapasan atau relaksasi, sarapan dengan buah/ sayur, dan satu tugas kecil yang merangsang pikiran (mis. membaca 10 menit atau teka-teki singkat). Konsistensi harian akan membantu otak beradaptasi ke kebiasaan sehat.;0.85;0.4532;0.307;0.543
Brain Power -57-67;gpt;Saya sering merasa 'harus melakukan sesuatu' walau sebenarnya tidak perlu. Bagaimana hentikan rasa itu?;Sadari sensasi itu sebagai respons kortisol—otak yang mencari ancaman atau kebutuhan. Latihan mindfulness singkat dan memeriksa kenyataan (apakah ada ancaman nyata?) membantu menurunkan dorongan itu. Teknik relaksasi juga efektif untuk mengurangi ketegangan fisik yang mengiringinya.;0.8964;0.79;0.1614;0.735
Brain Power -68-78;gpt;Saya merasa sulit merasakan kebahagiaan. Apakah ada cara realistis untuk melatih otak saya supaya bisa menikmati hal-hal kecil lagi?;Aku dengar kamu sedang lelah dan susah merasakan kebahagiaan — itu berat. Salah satu pendekatan yang bisa dicoba adalah membangun kebiasaan baru bertahap: lakukan satu aktivitas kecil yang membuatmu merasa nyaman atau sedikit senang setiap hari selama 45 hari berturut-turut. Tujuannya bukan paksa diri untuk langsung bahagia, tapi memberi waktu bagi otakmu menyesuaikan diri. Kalau suatu hari sulit, itu wajar — fokus saja untuk mengulangi tindakan kecil itu besok.;0.8466;0.2543;0.294;0.5526
Brain Power -68-78;gpt;Kalau saya mencoba kebiasaan baru dan gagal beberapa kali, apakah artinya saya tidak bisa berubah?;Gagal itu bagian proses, bukan tanda bahwa kamu tidak bisa berubah. Perubahan butuh ketekunan — banyak orang perlu beberapa percobaan sebelum habit terasa alami. Coba ulangi, buat langkah yang lebih kecil, dan beri penguatan pada kemajuan sekecil apa pun. Menahan diri saat frustasi juga bisa jadi sinyal bahwa strategi perlu disesuaikan, bukan bahwa tujuanmu mustahil.;0.8424;0.4296;0.3733;0.4691
Brain Power -68-78;gpt;Saya sering merasa orang lain yang mengendalikan hidup saya, sulit memilih untuk diri sendiri. Apa yang bisa saya lakukan?;Kamu tidak sendirian merasakan itu. Mulailah dengan pilihan kecil yang hanya untukmu — misalnya memilih aktivitas akhir pekan atau waktu untuk istirahat. Setiap pilihan kecil yang kamu ambil untuk dirimu sendiri melatih rasa tanggung jawab atas kebahagiaanmu. Kalau takut salah, ingat bahwa mengambil keputusan juga memberi kesempatan merasakan pencapaian, walau hasilnya tidak sempurna.;0.8218;0.2736;0.292;0.5298
Brain Power -68-78;gpt;Kadang aku menyesali banyak keputusan lalu terpaku pada 'seandainya'. Bagaimana cara berhenti terjebak di masa lalu?;Menyesali masa lalu memang menyakitkan. Salah satu pendekatan adalah mengubah fokus ke keputusan yang bisa kamu buat sekarang: apa langkah kecil yang paling realistis untuk memperbaiki keadaan saat ini? Latihan memperhatikan (mindfulness) juga membantu agar kebiasaan memikirkan 'seandainya' tidak terus mendominasi pikiran.;0.9627;0.2458;0.2702;0.6925
Brain Power -68-78;gpt;Saya ingin belajar bahasa baru, tapi takut mulai karena terasa sulit. Apakah itu benar-benar berguna untuk otak?;Keputusanmu ingin belajar bahasa baru adalah langkah yang bagus. Belajar bahasa menantang otak secara sehat — membantu memori, konsentrasi, dan fleksibilitas berpikir. Mulailah dengan target kecil, misalnya 10 menit sehari. Hadiahi diri ketika mencapai tonggak kecil agar prosesnya terasa memotivasi.;0.8021;0.3119;0.4483;0.3539
Brain Power -68-78;gpt;Saya merasa usaha belajar tidak ada artinya dan cepat menyerah. Bagaimana agar tetap konsisten?;Rasa putus asa wajar ketika hasil belum terlihat. Untuk konsistensi, pecah tujuan jadi bagian kecil yang bisa dicapai setiap hari. Cari juga teman belajar atau komunitas kecil yang memberi dukungan sehingga kamu merasa terhubung. Ingatkan diri bahwa proses yang konsisten lebih berarti daripada kilas kemajuan instan.;0.9749;0.3459;0.2642;0.7106
Brain Power -68-78;gpt;Saya ingin makan lebih sehat untuk otak, tapi bingung harus mulai dari mana.;Mulai dari hal sederhana: tambahkan porsi buah dan sayur setiap hari, sertakan sumber protein dan lemak sehat seperti ikan atau telur beberapa kali seminggu. Perubahan kecil yang konsisten lebih bermanfaat daripada diet drastis. Jika kamu punya kondisi kesehatan khusus, konsultasikan ke tenaga medis.;0.8596;0.3186;0.7363;0.1233
Brain Power -68-78;gpt;Kalau saya tidak suka makanan tertentu yang katanya 'baik untuk otak', apakah itu berarti saya tidak bisa mendapatkan manfaatnya?;Tidak perlu memaksakan diri pada makanan yang benar-benar tidak cocok. Ada banyak sumber nutrisi — misalnya omega-3 tidak hanya dari satu jenis ikan, dan buah beri bisa diganti dengan buah lain yang tinggi antioksidan. Intinya variasi dan keseimbangan, bukan paksa satu makanan aja.;0.8532;0.3327;0.4039;0.4492
Brain Power -68-78;gpt;Apakah mendengarkan musik bisa membuat saya jadi lebih pintar?;Musik bisa memperbaiki suasana hati dan membantu fokus sesaat, tapi tidak ada bukti kuat bahwa mendengarkan musik membuat kecerdasan meningkat secara permanen. Jadi kalau musik membuatmu lebih bersemangat atau lebih tenang, itu manfaat nyata. Jangan berharap musik jadi 'obat ajaib' untuk kecerdasan.;0.8993;0.1963;0.1497;0.7495
Brain Power -68-78;gpt;Saya selalu terjebak memikirkan hal negatif. Bagaimana cara mengubah bias negatif ini tanpa menutup mata pada masalah nyata?;"Bias negatif bisa dilatih berangsur-angsur dengan sengaja memperhatikan hal-hal positif kecil dalam hari-harimu — misalnya menuliskan tiga hal yang berjalan baik. Ini bukan membohongi dirinya sendiri tentang masalah, melainkan menyeimbangkan perspektif. Tetaplah jujur pada perasaan sulitmu; latihan ini hanya membantu mengurangi dominasi pikiran negatif.";0.8487;0.2787;0.3798;0.4688
Brain Power -68-78;gpt;Saya merasa nyaman di zona aman tapi tahu harus berubah. Bagaimana memaksa diri keluar dari zona nyaman tanpa merasa kewalahan?;Keluarnya langkah-langkah kecil dari zona nyaman biasanya paling efektif: pilih satu aktivitas yang sedikit menantang tapi tidak membuatmu panik, seperti bertemu satu orang baru atau mencoba makanan baru. Rayakan usaha itu — pengalaman kecil ini melatih otak agar lebih terbuka untuk perubahan.;0.9169;0.1907;0.2692;0.6477
Brain Power -68-78;gpt;Kalau aku mencoba hal baru dan merasa canggung, apakah harus terus dipaksa sampai merasa nyaman?;"Rasa canggung adalah sinyal belajar; itu normal. Kamu tidak perlu memaksakan diri terus-menerus tanpa jeda. Cobalah pendekatan bertahap: lakukan kegiatan itu beberapa kali dengan intensitas yang meningkat perlahan. Jika benar-benar membuatmu sangat tidak nyaman atau tertekan, evaluasi kembali apakah ini tujuan yang tepat sekarang.";0.8446;0.3329;0.5975;0.2471
Brain Power -68-78;gpt;Saya sering merasa tidak bisa hadir secara penuh — pikiran melayang ke masa lalu atau khawatir soal masa depan. Bagaimana cara fokus pada saat ini?;Latihan perhatian (mindfulness) sederhana bisa membantu, misalnya fokus pada napas selama beberapa menit, atau memperhatikan sensasi saat makan. Mulai dari sesi singkat agar tidak menambah tekanan. Tujuannya bukan menghilangkan semua pikiran, tapi memberi latihan agar pikiran lebih sering kembali ke sini dan sekarang.;0.9277;0.3249;0.3541;0.5736
Brain Power -68-78;gpt;Bermain video game membuat saya merasa bersalah karena dianggap buang waktu. Apakah itu benar-benar buruk untuk otak?;Permainan video game punya manfaat kognitif tertentu seperti koordinasi dan pemrosesan visual. Yang penting adalah keseimbangan: jika game mengganggu tidur, pekerjaan, atau hubungan, itu jadi masalah. Namun jika dimainkan dengan batas yang sehat, game dapat menjadi sumber stimulasi dan relaksasi.;0.7593;0.3038;0.7625;-0.0032
Brain Power -68-78;gpt;Saya susah mengekspresikan emosi dan sering menahannya. Apakah mengekspresikan emosi selalu membantu?;Mengekspresikan emosi umumnya sehat karena menurunkan beban internal. Tapi cara dan konteksnya penting — menumpahkan emosi pada orang yang salah atau dalam bentuk yang merugikan bukan solusi. Cari cara yang aman untuk melepaskan, seperti bicara pada orang dipercaya, menulis, atau terapi, agar emosi diproses tanpa menimbulkan kerusakan.;0.9097;0.2806;0.253;0.6567
Brain Power -68-78;gpt;Kalau saya merasa sangat sedih dan terus menangis, apakah itu tanda saya butuh bantuan profesional?;Menangis adalah respons manusiawi pada kesedihan. Namun bila kesedihan terus mengganggu fungsi sehari-hari (tidur, makan, kerja, hubungan), itu bisa jadi tanda perlu bantuan profesional. Mencari dukungan bukan tanda kelemahan, melainkan langkah bijak untuk merawat diri.;0.807;0.2946;0.6294;0.1776
Brain Power -68-78;gpt;Lingkungan rumah saya membuat saya stres. Haruskah saya selalu pergi dari situasi itu?;Mengambil jarak sementara dari lingkungan yang menekan bisa sangat membantu memberi perspektif dan mengurangi stres. Jika perubahan permanen tidak memungkinkan, cari cara praktis untuk membuat ruang aman kecil di dalam rumah atau jadwalkan waktu jauh dari sumber stres sesering mungkin. Jika lingkungan berbahaya, pertimbangkan langkah-langkah keamanan dan minta bantuan.;0.7704;0.2333;0.3832;0.3872
Brain Power -68-78;gpt;Saya ingin melakukan perjalanan ke tempat baru untuk 'menyegarkan' pikiran, tapi takut biayanya. Ada alternatif murah?;Perjalanan tidak harus mahal untuk memberi efek menyegarkan. Kamu bisa coba liburan murah seperti staycation, kegiatan sukarela di komunitas lain, atau kunjungan singkat ke tempat baru dekat kota. Fokus pada pengalaman baru dan istirahat dari rutinitas, bukan pada pengeluaran besar.;0.8207;0.3045;0.3223;0.4984
Brain Power -68-78;gpt;Terkadang saya merasa semua usaha untuk jadi lebih baik terasa sia-sia. Apa yang bisa saya lakukan saat merasa putus asa?;Rasa putus asa wajar, tapi jangan biarkan itu menetapkan standar kebenaran tentang seluruh perjalananmu. Fokus pada langkah kecil yang bisa kamu kontrol hari ini. Coba tuliskan satu hal kecil yang sudah kamu lakukan dengan baik—sekecil apa pun—sebagai bukti bahwa usaha tidak sepenuhnya sia-sia. Jika perasaan putus asa melekat lama, pertimbangkan bicara dengan profesional.;0.8464;0.2935;0.7332;0.1132
Brain Power -68-78;gpt;Bagaimana caranya agar saya tidak membandingkan diri terus dengan orang lain, sehingga merasa gagal?;Perbandingan sering memicu perasaan kurang. Latihlah membandingkan diri hanya terhadap dirimu yang sebelumnya: apa kemajuan kecil yang sudah terjadi? Batasi paparan media sosial yang memicu perbandingan dan ingat bahwa tampilan luar seringkali tidak menunjukkan cerita lengkap. Fokus pada nilai dan tujuanmu sendiri.;0.8891;0.3408;0.4843;0.4048
Brain Power -68-78;gpt;Saya ingin saran praktis untuk memulai perubahan kecil yang bisa meningkatkan kebahagiaan sehari-hari.;Mulailah dengan satu kebiasaan sederhana yang bisa dilakukan setiap hari selama 45 hari—misalnya berjalan 10 menit, menulis tiga hal yang bersyukur, atau tertawa (cari sesuatu yang membuatmu tersenyum). Catat kemajuan kecil itu, dan bila perlu tiru orang yang sudah berhasil memasukkan kebiasaan tersebut ke rutinitas mereka sebagai inspirasi.;0.7655;0.3665;0.5599;0.2055
Brain Power -79-89;gpt;Saya merasa bersalah karena tidak lagi merasakan gairah seksual seperti dulu. Apakah ini artinya ada yang salah dengan otak saya?;Terima kasih sudah berbagi, itu wajar merasa khawatir. Dari dokumen ini disebutkan bahwa aktivitas seksual dan orgasme dapat memberi manfaat bagi suasana hati dan kesehatan otak. Namun, hilangnya gairah bisa dipengaruhi banyak hal—stres, kelelahan, perubahan hormon, atau masalah hubungan. Ini bukan sekadar 'otak rusak'. Kalau kamu khawatir, penting untuk membicarakannya dengan tenaga medis atau konselor yang bisa membantu menelusuri penyebabnya tanpa menghakimi.;0.7388;0.3765;0.4368;0.3019
Brain Power -79-89;gpt;Dikatakan orgasme bisa mengurangi depresi. Kalau saya tidak mengalami orgasme, apakah artinya saya lebih mungkin depresi?;Informasi di dokumen menyebut korelasi antara orgasme dan suasana hati yang lebih baik, tapi korelasi tidak sama dengan kepastian. Tidak mengalami orgasme bukan berarti pasti akan depresi. Banyak faktor memengaruhi kesehatan mental. Jika suasana hatimu turun terus-menerus, lebih baik berkonsultasi dengan profesional kesehatan mental untuk mendapatkan penilaian dan dukungan yang tepat.;0.7759;0.5274;0.3499;0.426
Brain Power -79-89;gpt;Saya merasa rendah diri karena masalah seksual. Adakah langkah kecil yang aman untuk mencoba memperbaiki perasaan ini?;"Mulailah dari langkah kecil yang aman: komunikasi terbuka dengan pasangan (jika ada), menjaga kesehatan fisik dasar—tidur cukup, pola makan, olahraga ringan—dan kalau perlu konsultasi ke tenaga kesehatan. Hindari menyalahkan diri sendiri; perasaanmu valid. Jika perlu, seorang konselor seks atau psikolog bisa membantu membimbing langkah berikutnya.";0.8031;0.4293;0.3396;0.4635
Brain Power -79-89;gpt;Saya tertarik mencoba ginseng untuk mengurangi kecemasan. Aman kah itu?;Dalam dokumen disebutkan ginseng dapat membantu memengaruhi respon terhadap stres dan mendukung kognisi. Namun, suplemen berefek berbeda-beda pada tiap orang. Periksa label (dosis standar yang disebutkan adalah sekitar 200 mg sehari untuk beberapa produk) dan kandungan ginsenosides, serta konsultasikan dengan dokter—terutama jika sedang minum obat lain atau memiliki kondisi medis.;0.6489;0.5682;0.6364;0.0125
Brain Power -79-89;gpt;Saya merasa stres dan sulit tidur. Bisa pijat benar-benar membantu?;Ya, dokumen menyebut pijat dapat meningkatkan kewaspadaan, mempercepat pemecahan masalah, dan membantu tidur dengan menurunkan hormon stres serta meningkatkan hormon ‘nyaman’. Pijat juga bisa mengangkat suasana hati. Kalau kamu merasa nyaman dengan pijatan, coba mulai dengan sesi singkat dan lihat bagaimana perasaanmu—jika ada masalah kesehatan khusus, konsultasikan dulu.;0.758;0.488;0.4479;0.3101
Brain Power -79-89;gpt;Saya merasa cemas setelah pijat — kenapa bisa begitu?;"Respons tiap orang berbeda. Untuk beberapa orang, kontak fisik atau pelepasan ketegangan otot bisa memunculkan emosi yang menumpuk. Itu bukan tanda kegagalan pijat; justru kadang terapi fisik membuka ruang emosi yang perlu diproses. Jika hal ini mengganggu, bicarakan dengan terapis pijat atau penyedia layanan kesehatan.";0.9447;0.2643;0.3379;0.6068
Brain Power -79-89;gpt;Saya tidak mampu secara finansial untuk pijat rutin. Ada alternatif yang bisa membantu suasana hati dan tidur?;Beberapa alternatif: teknik relaksasi mandiri (pernapasan dalam, peregangan ringan), mandi hangat sebelum tidur, rutin bergerak ringan, atau mencoba terapi pijat sendiri seperti memijat bagian leher/bahu dengan alat sederhana. Kegiatan konsisten yang menenangkan bisa membantu, dan layanan komunitas atau klinik terjangkau kadang menawarkan opsi lebih murah.;0.8063;0.2952;0.8864;-0.0801
Brain Power -79-89;gpt;Orang tua saya menyuruh saya belajar catur untuk meningkatkan IQ. Apakah bermain catur benar-benar membantu?;Dalam dokumen disebutkan bermain catur dapat meningkatkan keterampilan berpikir, konsentrasi, dan kemampuan pengenalan pola—khususnya jika dimainkan beberapa jam seminggu selama beberapa bulan. Untuk beberapa orang, bermain catur juga bisa jadi aktivitas sosial dan menantang yang menyenangkan. Namun, manfaat muncul dengan latihan konsisten, bukan janji instan.;0.7874;0.536;0.5921;0.1953
Brain Power -79-89;gpt;Saya mudah frustrasi saat kalah catur. Bagaimana saya bisa menikmati prosesnya tanpa terlalu memikirkan hasil?;Fokus pada proses belajar: nikmati latihan pola, analisis langkah, dan lihat setiap kekalahan sebagai data untuk berkembang, bukan ukuran harga diri. Beri diri pujian untuk usaha, bukan hanya hasil. Jika catur memicu tekanan berlebihan, batasi durasi bermain dan cari teman yang mendukung suasana belajar.;0.8441;0.4057;0.6515;0.1926
Brain Power -79-89;gpt;Saya merasa sendirian dalam mencari stimulasi mental. Apa lagi selain catur yang bisa membantu?;Pertimbangkan aktivitas lain yang menantang otak: teka-teki logika, belajar bahasa, permainan strategi, atau bergabung dalam diskusi yang merangsang. Yang penting adalah aktivitas yang membuatmu fokus, memaksa berpikir, dan memberi rasa capaian kecil secara konsisten.;0.8793;0.2852;0.6939;0.1854
Brain Power -79-89;gpt;Saya penasaran menaruh waktu untuk hipnosis mandiri, namun takut tertipu atau bahaya. Bagaimana caranya yang aman?;Dokumen menjelaskan hipnosis sebagai bentuk meditasi yang dapat menimbulkan keadaan rileks dan meningkatkan kreativitas. Jika ingin mencoba, lakukan di tempat aman, duduk (jangan berbaring agar tidak tertidur), gunakan panduan yang terpercaya, dan hindari jika pernah memiliki riwayat gangguan psikosis atau kondisi mental serius tanpa saran profesional. Jika ragu, konsultasikan dulu dengan profesional kesehatan mental.;0.8253;0.2062;0.6226;0.2027
Brain Power -79-89;gpt;Apa langkah sederhana untuk memulai hipnosis mandiri di rumah?;Cari ruang tenang, duduk nyaman, atur napas dalam, fokus pada gambaran rileks seperti matahari terbenam, ulangi afirmasi singkat (mis. 'Saya rileks dan tenang') beberapa kali, lalu lanjutkan fokus tanpa afirmasi selama 10–15 menit. Akhiri dengan pengingat diri untuk kembali segar dan lakukan peregangan ringan.;0.851;0.2147;0.7191;0.1319
Brain Power -79-89;gpt;Saya pernah merasa sangat emosional setelah sesi meditasi atau hipnosis. Apakah itu normal?;Ya, itu bisa terjadi. Teknik relaksasi kadang membuka emosi yang tertahan. Jika emosi itu intens atau mengganggu fungsi sehari-hari, pertimbangkan untuk menghentikan praktik dan berdiskusi dengan terapis atau konselor untuk pemrosesan lebih lanjut.;0.6882;0.3155;0.5788;0.1094
Brain Power -79-89;gpt;Saya merasa tidak punya teman yang 'cerdas' untuk diajak diskusi. Bagaimana saya bisa tetap menstimulasi otak?;Mencari lingkungan yang menantang tidak harus berarti menemukan 'orang pintar'—kamu bisa bergabung klub baca, komunitas hobi, forum diskusi, atau kursus singkat. Yang penting adalah terlibat dengan ide baru, mengajukan pertanyaan, dan melatih kemampuan berpikir kritis secara reguler.;0.7506;0.3127;0.6808;0.0698
Brain Power -79-89;gpt;Saya takut debat membuat hubungan saya retak. Bagaimana cara berdiskusi yang tetap ramah tapi menantang?;Fokus pada rasa ingin tahu, bukan kemenangan. Gunakan pertanyaan terbuka, dengarkan aktif, dan ungkapkan pandanganmu tanpa menyerang. Tetapkan batas: jika topik memanas, setujui untuk berhenti dan melanjutkan nanti. Hubungan lebih penting daripada membuktikan benar-salah.;0.9221;0.246;0.4446;0.4775
Brain Power -79-89;gpt;Apakah selalu baik mengelilingi diri dengan orang yang lebih pintar? Saya khawatir merasa inferior.;Bersikap seimbang. Berada di dekat orang yang menantang bisa merangsang pendidikan, tapi jika membuatmu terus-menerus merasa rendah, itu tidak sehat. Cari lingkungan yang menantang sekaligus suportif—yang mendorongmu belajar tanpa merendahkan.;0.8451;0.1533;0.6752;0.1699
Brain Power -79-89;gpt;Bagaimana mengajar orang dewasa bisa membantu saya sendiri? Saya tidak percaya diri untuk mengajar.;"Mengajar memaksa kita merapikan pengetahuan dan menyampaikannya dengan jelas, yang justru memperkuat pemahaman. Mulailah dengan kelas kecil atau sesi berbagi pengalaman; kamu tidak perlu gelar untuk berbagi keahlian praktis. Memimpin sesi singkat bisa meningkatkan rasa tujuan dan koneksi sosial.";0.848;0.3207;0.792;0.056
Brain Power -79-89;gpt;Saya takut memberi informasi salah saat mengajar. Bagaimana mengatasinya?;"Jujur tentang batasanmu—katakan jika ada hal yang perlu kamu pelajari juga. Dorong diskusi dua arah; belajar bersama dapat mengurangi tekanan 'harus tahu segalanya'. Jika perlu, persiapkan materi dasar dan rujuk sumber terpercaya saat mengajar.";0.8417;0.2711;0.4562;0.3854
Brain Power -79-89;gpt;Saya lelah memikirkan materi untuk diajarkan. Ada cara mudah memulai?;Mulailah dengan topik yang paling kamu kuasai—pengalaman praktis seringkali lebih berharga daripada teori. Buat struktur sederhana: tujuan singkat, tiga poin utama, dan aktivitas singkat. Uji pada teman dekat dulu untuk percaya diri.;0.682;0.3266;0.6962;-0.0142
Brain Power -79-89;gpt;Saya sulit mengingat hal-hal kecil, apakah berbicara keras bisa membantu?;"Dokumen menyatakan berbicara keras dapat membantu memori karena melibatkan jalur pendengaran selain visual. Coba baca informasi penting dengan suara keras atau jelaskan sesuatu pada orang lain; teknik multisensor seperti itu bisa membantu retensi.";0.7172;0.3575;0.5783;0.1389
Brain Power -79-89;gpt;Saya merasa aneh membaca catatan dengan suara keras di tempat umum. Adakah alternatif?;Jika tidak nyaman, coba rekam suaramu membacakan poin penting dan dengarkan ulang, atau baca di kamar tertutup. Menggunakan gerakan tubuh saat mengulang informasi juga membantu—yang penting menambah 'jalur' sensorik saat belajar.;0.8495;0.3298;0.6395;0.2099
Brain Power -79-89;gpt;Saya sudah mencoba membaca keras tapi tetap lupa. Apa yang harus dilakukan?;Kombinasikan teknik: bagi informasi menjadi bagian kecil, ulang secara berkala (spaced repetition), hubungkan informasi baru dengan yang sudah kamu kenal, dan pastikan tidur cukup. Jika masalah memori signifikan, konsultasikan profesional medis.;0.7117;0.525;0.8003;-0.0886
Brain Power -79-89;gpt;Saya tergoda minum banyak suplemen agar cepat 'cerdas'. Apa risikonya?;Mengonsumsi suplemen sembarangan bisa menimbulkan overdosis nutrisi, interaksi obat, atau efek samping lain. Lebih aman berkonsultasi dulu, mengikuti dosis yang dianjurkan, dan utamakan makanan bergizi sebagai sumber utama nutrisi.;0.7799;0.2562;0.7337;0.0462
Brain Power -79-89;gpt;Bagaimana jika suplemen membuat saya merasa lebih buruk?;Jika muncul efek negatif (mual, sakit kepala, reaksi kulit, perubahan suasana hati), hentikan konsumsi dan konsultasikan dengan profesional kesehatan. Simpan botol suplemen untuk memudahkan pemeriksaan kandungan.;0.7566;0.2494;0.7851;-0.0285
Brain Power -79-89;gpt;Saya merasa mudah lelah dan susah fokus saat bekerja lama. Apakah istirahat singkat benar-benar membantu?;Ya—dokumen menunjukkan istirahat singkat dapat menjaga fokus dan mencegah penurunan kinerja seiring waktu. Cobalah istirahat singkat yang berbeda dari tugas utama (jalan singkat, ngobrol ringan), lalu kembali bekerja dengan cepat.;0.9698;0.2538;0.7616;0.2081
Brain Power -79-89;gpt;Saya sering takut istirahat lalu tidak bisa kembali fokus lagi. Bagaimana mengatur jeda efektif?;Batasi jeda singkat (mis. 5–10 menit), lakukan aktivitas yang berbeda secara kognitif (jalan sebentar, minum air), dan gunakan timer supaya kamu kembali bekerja segera. Jeda yang terstruktur biasanya membantu menyegarkan otak tanpa mengganggu ritme kerja.;0.8017;0.2772;0.5899;0.2118
Brain Power -79-89;gpt;Apakah istirahat sama dengan multitasking?;Tidak. Multitasking memaksa otak berganti-ganti tugas serupa dan justru melelahkan. Istirahat yang disarankan adalah melakukan sesuatu berbeda yang memberi otak kesempatan untuk ‘reset’, bukan berganti tugas lain yang tetap menuntut fokus sama.;0.7848;0.3216;0.5001;0.2847
Brain Power -79-89;gpt;Saya khawatir terhadap bahan kimia yang merusak saraf. Haruskah saya panik mengenai lingkungan sekitar saya?;Penting untuk waspada tapi tidak panik. Dokumen menyebut beberapa neurotoksin (seperti timbal, merkuri, pestisida) yang berbahaya jika terpapar. Kamu bisa mengurangi risiko praktis—hindari pemanis buatan berlebih, waspadai sumber paparan timbal/merkuri, dan gunakan produk rumah tangga dengan aman. Jika ada paparan serius, konsultasi kesehatan lingkungan atau dokter diperlukan.;0.7829;0.3368;0.4655;0.3174
Brain Power -79-89;gpt;Bagaimana cara sederhana melindungi saraf saya dalam kehidupan sehari-hari?;Praktik sederhana: kurangi paparan bahan kimia berbahaya (baca label produk), hindari penggunaan pestisida sendiri tanpa alat pelindung, konsumsi makanan yang rendah kemungkinan tercemar, dan jaga pola hidup sehat. Langkah-langkah kecil dapat menurunkan risiko secara signifikan.;0.7972;0.2117;0.7256;0.0716
Brain Power -79-89;gpt;Saya sering merasa bingung tentang informasi toksin di internet. Bagaimana memilih sumber yang dapat dipercaya?;Cari sumber dari lembaga kesehatan resmi, publikasi medis, atau panduan pemerintah. Hindari klaim sensasional dari situs yang tidak jelas. Jika ragu tentang keamanan suatu produk atau paparan, tanya pada profesional kesehatan atau instansi terkait.;0.7849;0.2389;0.6529;0.132
Brain Power -90-100;gpt;Saya sering melamun dan merasa ini satu-satunya cara saya 'istirahat' dari pikiran yang terus berputar. Apakah melamun itu benar-benar membantu?;Melamun bisa menjadi bentuk istirahat mental yang alami — ketika dilakukan dengan aman dan sengaja memberi ruang untuk pikiran berkeliaran tanpa menilai. Coba luangkan waktu sendiri di tempat tenang, pejamkan mata, beri izin pada pikiran untuk 'bermain' tanpa memaksa fokus. Namun, jika melamun menjadi cara menghindari masalah penting (mis. menunda tugas, menghindari perasaan berat), itu perlu ditangani berbeda — bukan dipuji, melainkan dicari penyebabnya dan langkah konkret untuk menghadapi masalah tersebut.;0.7096;0.2323;0.5101;0.1995
Brain Power -90-100;gpt;Saya mudah terganggu oleh kebisingan dan jadi tidak bisa fokus. Apa yang bisa saya lakukan sekarang juga?;Meminimalkan kebisingan adalah langkah praktis dan beralasan. Mulai dengan mencari 'dua menit diam' setiap hari — matikan suara, pejamkan mata, tarik napas perlahan. Jika memungkinkan, ciptakan periode tenang yang lebih lama (mis. 30–60 menit) beberapa kali seminggu. Jika kebisingan terus memengaruhi tidur, suasana hati, atau aktivitas harian, pertimbangkan langkah-langkah lingkungan lebih lanjut dan, jika perlu, konsultasi dengan profesional kesehatan.;0.7184;0.405;0.3774;0.341
Brain Power -90-100;gpt;Saya khawatir tentang berat perut saya. Apakah perut buncit benar-benar berhubungan dengan kesehatan otak?;Ada hubungan antara lemak visceral (lemak yang mengelilingi organ) dengan risiko kondisi kesehatan jangka panjang. Menjaga pola makan seimbang, aktivitas fisik yang meliputi latihan beban dan aerobik, serta mengurangi gula dan lemak berlebih adalah langkah realistis. Jangan gunakan informasi ini untuk menyalahkan diri sendiri — fokus pada perubahan kecil dan konsisten yang bisa Anda lakukan sehari-hari.;0.9351;0.2938;0.2663;0.6689
Brain Power -90-100;gpt;Tidur saya sering terganggu dan saya merasa otak seperti 'berantakan' keesokan harinya. Bagaimana memperbaiki kualitas tidur?;Tidur memulihkan otak — organisasi ritme tidur sangat penting. Coba tidur dan bangun pada jam yang konsisten (target 7–9 jam per malam), kurangi layar sebelum tidur, dan buat rutinitas rileks sebelum tidur. Jika Anda masih mengalami kesulitan tidur meski sudah mencoba langkah-langkah ini, pertimbangkan evaluasi lebih lanjut karena kurang tidur berkepanjangan berisiko bagi kesehatan fisik dan mental.;0.9569;0.43;0.3246;0.6323
Brain Power -90-100;gpt;Saya sering melakukan olahraga ekstrim tanpa helm karena merasa 'aman'. Seberapa penting memakai helm sebenarnya?;"Memakai helm adalah tindakan pencegahan yang jelas dan masuk akal. Cedera kepala bisa berdampak jangka panjang; memakai helm mengurangi risiko cedera otak traumatis dan kematian. Ini bukan soal takut berlebihan — ini soal merawat diri dan mengambil langkah perlindungan yang sederhana dan efektif.";0.968;0.2449;0.4119;0.5561
Brain Power -90-100;gpt;Saya sering makan berlebihan saat stres. Ada cara agar saya tidak terus menerus makan berlebih?;Makan berlebihan sering berakar pada emosi dan kebiasaan. Coba praktik sederhana: sebelum makan, beri nilai rasa lapar 0–10. Jika bukan lapar nyata, pilih porsi kecil atau lakukan kegiatan pengalih yang menenangkan (jalan singkat, tarik napas dalam, minum air). Latih kesadaran saat makan — perlambat, nikmati tekstur dan rasa. Jika pola makan berlebih terkait stres yang dalam, bicarakan dengan profesional karena solusi jangka panjang mungkin diperlukan.;0.7488;0.1821;0.6732;0.0756
Brain Power -90-100;gpt;Apakah konsumsi garam (sodium) berpengaruh pada suasana hati atau kondisi neurologis?;Sodium memang berperan kuat dalam fungsi tubuh dan otak. Konsumsi berlebih dapat memengaruhi tekanan darah dan kondisi neurologis tertentu. Mengurangi makanan olahan dan membaca label bisa membantu menurunkan asupan sodium. Jangan merasa bersalah berlebihan — fokuslah pada langkah konkret seperti mengganti makanan kemasan dengan bahan segar dan menambah makanan kaya kalium (pisang, bayam, ubi) sebagai penyeimbang.;0.9213;0.2287;0.3467;0.5745
Brain Power -90-100;gpt;Saya malas melatih memori karena merasa sudah 'tua' dan tidak bisa berubah. Masih ada harapan?;"Otak bisa dilatih — penelitian menunjukkan perbaikan ingatan lewat latihan yang tepat. Mulai dengan latihan sederhana: mengelompokkan informasi, membuat gambaran visual untuk mengingat urutan, atau latihan pengulangan yang terstruktur. Hasilnya bertahap; beri diri Anda pujian untuk konsistensi, bukan ekspektasi instan.";0.8786;0.2206;0.4078;0.4708
Brain Power -90-100;gpt;Saya selalu memakai kalkulator untuk hal kecil dan merasa kemampuan berpikir cepat saya menurun. Apa yang bisa saya lakukan?;Mengurangi ketergantungan pada kalkulator untuk tugas sehari-hari adalah latihan yang bagus untuk otak. Coba tantangan kecil: hitung mental untuk belanja, tip, atau pembagian sederhana. Lakukan secara bertahap supaya tidak membuat frustasi. Ini bukan soal menolak teknologi, melainkan memberi 'ruang berlatih' pada kemampuan kognitif Anda.;0.8169;0.3936;0.333;0.4839
Brain Power -90-100;gpt;Saya suka cokelat dan khawatir apakah itu baik atau buruk untuk otak saya?;Cokelat hitam mengandung antioksidan yang bisa memberi manfaat jantung dan otak jika dikonsumsi secara moderat. Pilihan bijak adalah menikmati dalam porsi kecil sebagai bagian dari pola makan seimbang. Jangan gunakan cokelat sebagai pelarian emosional setiap saat — jika Anda sering 'menghibur' diri lewat makanan, ada baiknya mengeksplorasi strategi coping lain juga.;0.8728;0.3377;0.4676;0.4052
